,0,1,2,3
bb12_6,0.00949589706483,0.00951476538005,0.00966660736894,0.009896300957
ab16_9,0.0121813517396,0.0120514774196,0.011863192364,0.0117882745184
ab16_8,0.00972386756889,0.0096010722318,0.00940443733941,0.00935773388876
ab16_15,0.00835279187545,0.00821281419573,0.00812288201842,0.00810973739177
ab16_2,0.0101331155144,0.010055940405,0.0099754150499,0.00994893558836
bb13_3,0.00787566492534,0.00793129740904,0.0079462613943,0.00786009163408
ab16_5,0.0110549945548,0.0107187906349,0.0104231233909,0.0103127884945
ab16_4,0.00777309009443,0.00788231261866,0.00790192355016,0.00798554042197
ba10_6,0.00847481354467,0.00856848310501,0.00859039094931,0.00866920139191
ab16_11,0.0105185095459,0.0104058187971,0.0102900141648,0.0102427018245
ab16_10,0.0110579474392,0.0110418740418,0.010771613779,0.0107123642737
aa10_2,0.00907388566618,0.00919391370195,0.00917753055215,0.00917260206596
aa11_9,0.0093333059643,0.00939107862463,0.00948103774406,0.00954060634562
aa11_5,0.00877594940989,0.00870820986833,0.00869097769377,0.0086796713224
aa11_2,0.00806291013213,0.00805485109806,0.00806227017422,0.00802132277688
aa10_8,0.00767028073988,0.00771203916442,0.0,0.0
aa10_9,0.00990460989943,0.0101821024009,0.0102517700065,0.0102736986478
bb16_13,0.00869931741306,0.00863473839695,0.00843764278151,0.0083817311385
ab13_5,0.00855021796474,0.00853168761268,0.00856341417341,0.00855401524783
ab13_2,0.00788086239934,0.00799881610272,0.00808858393151,0.008159272118
aa5_2,0.00958282079073,0.00956532657555,0.00958636727098,0.00960892633812
ab12_9,0.0100905920512,0.0101807516639,0.0103055630168,0.0103864147747
ba11_6,0.00775976441046,0.00771330294127,0.00777497071943,0.00791097616715
ab12_5,0.0090587412095,0.00898407472522,0.00908498100378,0.00917026530642
aa4_2,0.0,0.0,0.00774030953909,0.00784199619209
ab12_2,0.00898381637712,0.00906396027774,0.00920378105268,0.00930889902369
ab13_9,0.00921146957309,0.00942393896816,0.00957137942982,0.00962072171746
ba11_3,0.00907783688136,0.00910857489888,0.00911044584878,0.00897532604959
bb13_6,0.00904569251687,0.00912426658876,0.00919702314373,0.00929717689097
ab6_5,0.0100711303532,0.00995061872086,0.0100647939814,0.0102259982796
ab16_7,0.00779626611791,0.00782932931828,0.00777416368973,0.0077670454626
ba5_3,0.00988326258925,0.00975858394036,0.00974869682853,0.00957675244602
ab12_11,0.00817652557645,0.00820573186411,0.00835032757185,0.00839923431394
ab12_10,0.0082914191798,0.00830140185993,0.00831820093086,0.00833388620075
aa9_2,0.0101458879135,0.0102659310935,0.0103659074557,0.0103918083413
aa9_7,0.0,0.0,0.00771832720029,0.00781514179453
aa9_5,0.0103792956545,0.010399414904,0.01057397931,0.0106475199566
ba7_6,0.00772698352809,0.00777899352325,0.0078986786905,0.00803773252526
bb16_12,0.00901247591539,0.00896066421962,0.0089274513356,0.00891406404586
aa9_8,0.00830328966762,0.00834727637189,0.0082890726895,0.0082488207611
aa8_5,0.00848986127228,0.00839294517329,0.00832706176592,0.00832262012322
bb16_3,0.0095827315387,0.00939924568795,0.00916441212608,0.00900291672183
ba9_6,0.0100374814287,0.0101130179348,0.0102867825222,0.0104963291453
bb16_6,0.00927188417847,0.00908399954083,0.00888451379828,0.00888612602293
bb6_3,0.0092940051645,0.00922355030279,0.00923111263866,0.00909089423435
ba9_3,0.0100888260123,0.0102624546272,0.0103326479757,0.0101688267161
aa8_2,0.00768292739613,0.00767523341019,0.0,0.0
ab6_4,0.0,0.0,0.0,0.00782273171789
aa10_5,0.0089649973048,0.00895825036592,0.0089715577142,0.0090039429306
ab6_2,0.00783314862523,0.00786613695961,0.00792387525902,0.00802913840598
ba10_3,0.00857687369788,0.00865908393423,0.00859854672695,0.00844032307068
ab3_2,0.00949973092855,0.00960066654322,0.00962001908434,0.00947630895839
ba8_3,0.00787678002552,0.0078043027159,0.00769673470327,0.0
