,0,1,2,3
aa16_4,0.0084720485114,0.00831205578566,0.00814878651272,0.00793124173371
ab11_8,0.0102623769443,0.010250186385,0.0102469857386,0.0102714648496
aa16_6,0.00808698659348,0.00799613208763,0.00787410819143,0.00781854062775
ba15_9,0.0113536180365,0.0114721751217,0.0116002519151,0.0116064905779
aa13_10,0.00804079008143,0.00808121747276,0.00813853458342,0.00827149858848
aa16_3,0.00863718415405,0.00858460813556,0.00857072497462,0.00853083766157
aa12_10,0.00933317447758,0.0093500929673,0.00940607126588,0.00961504607741
ba12_11,0.0150281010387,0.0150287752553,0.0150647170453,0.0153426599454
ab9_4,0.00939910114653,0.00927630427014,0.00912182360163,0.00876990000483
aa10_5,0.0,0.0,0.0,0.00712033604023
aa10_3,0.00709921994784,0.0071103818073,0.0071520016722,0.00718272445754
bb11_9,0.0101538625505,0.0101405898003,0.0102136908178,0.0102437094237
ab11_10,0.0165031935601,0.0165714961612,0.0166896286636,0.0169724747706
aa6_3,0.00715225133695,0.00712982762708,0.0,0.0
ba10_9,0.013725571375,0.0137822929378,0.0139538352841,0.014183135754
ba12_9,0.0131925669916,0.0132423662546,0.0132915476474,0.0133323487462
aa14_10,0.00826347537292,0.00825624346696,0.00830027249348,0.00844209407563
aa14_12,0.0111258400559,0.0110170327591,0.0109368395518,0.0109651131688
aa14_13,0.00836727298371,0.00832601776976,0.00825995646389,0.00822994120614
ba16_11,0.0165822428173,0.0167142534894,0.0169515395847,0.0172099613672
aa16_15,0.0087602158959,0.00886344616873,0.00899652901973,0.00917346052568
ba13_9,0.0114401306655,0.0115774982924,0.0117093305223,0.0116330000184
aa15_13,0.00734103101517,0.00740466895122,0.00746480901741,0.00750465753431
aa15_12,0.00872822025457,0.0087894066911,0.00886704101798,0.00901153088648
aa15_14,0.00730274739264,0.00731878443021,0.00731924556065,0.00734746296398
ab11_1,0.0109810292082,0.0111846030334,0.0112838622278,0.0112481594075
ab11_2,0.00837314952238,0.00853510277122,0.00870425596591,0.00869499882708
ab11_3,0.0125025093885,0.0125413490241,0.0125941741688,0.0125049705385
ab11_4,0.0133368548853,0.0133040876638,0.0131999957572,0.012938769532
ab11_5,0.0122852513757,0.0123140039488,0.0124250443715,0.0124744982542
ab11_6,0.012151587254,0.012289054509,0.0122749540897,0.0122955611905
ab11_7,0.0112460368132,0.0113619064594,0.0114189191872,0.0114656140449
ba15_11,0.0165548581279,0.0166793909366,0.0168797149624,0.0171579488791
ba13_11,0.0132158390545,0.0133610886952,0.0133644518445,0.0135541542937
aa16_5,0.0,0.0,0.00712821340286,0.00723735908757
aa16_14,0.0111136663473,0.011059749308,0.0110433520671,0.0111939660993
ab9_6,0.0100820916715,0.0101488689112,0.0101410388605,0.0100506490191
ab9_7,0.00868873226354,0.00871419915997,0.00878800808524,0.00870442096902
ba16_9,0.0145046235118,0.0144236103396,0.0143789713108,0.0143391810822
ab9_5,0.0104663530885,0.0105034707968,0.0105171461422,0.0103810790103
ab9_3,0.010027653355,0.0100798868294,0.0101173349838,0.00997175463509
ba14_11,0.0177658996572,0.017669866176,0.0173865936794,0.0173327768935
aa13_12,0.00742115154379,0.00747785478128,0.00755133571439,0.00762417907344
ab9_8,0.00819922579556,0.00813026519966,0.00804697851696,0.0078870170184
aa14_3,0.00797400487881,0.00794239620639,0.00787129112437,0.00776067652543
aa14_6,0.0072532791468,0.00721852822209,0.00711377339901,0.0
aa16_10,0.00835638210643,0.00837673683859,0.00844729002147,0.00858595296797
ba14_9,0.0124981037856,0.0124319388843,0.0123788435177,0.0123183159546
aa12_3,0.00771486720678,0.00773408866465,0.00774146387366,0.00772627923502
aa16_12,0.0107878291718,0.0107440573405,0.0107392894768,0.0109220379835
aa16_13,0.0093339723556,0.00939951952369,0.00948863879761,0.00963104267466
aa12_6,0.00754299516019,0.00753428285729,0.0074953773371,0.00747902641329
