,0,1,2,3
ba15_8,0.00846530599482,0.00846041043071,0.00843582802513,0.00840426590211
ba15_9,0.00699278808762,0.00694873000127,0.0,0.00679978995074
aa13_11,0.00976655347315,0.0100065197427,0.0103618298713,0.0103980609527
aa13_12,0.0076081778493,0.00766900555588,0.00772434634058,0.00772900593046
ba15_1,0.0107661447489,0.0105691425864,0.0103157641125,0.0101922250795
ba11_10,0.00823531415872,0.00820628355297,0.00829245141428,0.00821832409743
ab16_4,0.00898175013464,0.00901576670107,0.00900355222577,0.00903431248733
ab16_13,0.00916151231971,0.0092761627244,0.00940968764387,0.00942954258577
ab16_12,0.0096598769603,0.00959372619736,0.00952708982801,0.00950317956427
ab16_11,0.0110313035716,0.0111796466928,0.0115524875995,0.0116191171376
ab16_15,0.00904800119491,0.00903274317394,0.00898109459752,0.00887042999323
ab16_14,0.0104827897146,0.0105329898928,0.0106129932109,0.0106787302849
bb2_1,0.00855526358195,0.00852014287678,0.00849029758968,0.00859883945074
aa11_3,0.00729217650026,0.00729563319931,0.00737601498482,0.00734492094724
aa11_4,0.00879319441332,0.00878274375632,0.00877474513789,0.00880540892067
ba11_8,0.012186609699,0.0122306087148,0.0125312559876,0.0123815834123
ba11_9,0.0109030303211,0.0109736935673,0.011037641302,0.0108726933755
aa14_11,0.00841265074282,0.00849751375038,0.00866105238591,0.00871720089725
aa14_12,0.00841142788937,0.00841290893075,0.00842484020095,0.00849686980233
aa14_13,0.00869025817119,0.00882194404725,0.00896562287791,0.00905198114926
ba11_2,0.00946798599853,0.00950961569141,0.00956382293142,0.00958489066415
ba11_1,0.0131006442927,0.0129777313765,0.0130141623387,0.0128437486189
ba13_1,0.010693785341,0.0108798878411,0.0109848460585,0.0110136686643
ba13_2,0.00758139185932,0.00761550969475,0.00763518202134,0.00766663479297
ba12_1,0.0112737787302,0.0111474614659,0.0109518022249,0.0108795678917
ba12_8,0.00853436321674,0.00851454659051,0.00853948874609,0.00857580884103
ba12_2,0.00708732802829,0.00704458870502,0.0069965207354,0.00698033039685
ba4_1,0.0120971374107,0.0119331501119,0.0116914296642,0.011588817995
aa15_11,0.00799968192928,0.00802449163004,0.0080288696202,0.00793334543325
ba4_2,0.0069498806101,0.00694036776969,0.00685402800054,0.00690150908565
aa15_14,0.00735866451587,0.00732546986615,0.00724817503488,0.00725519083913
ba5_1,0.00910064962666,0.00889404498232,0.00873610039923,0.00874103092438
aa14_5,0.00783368092697,0.00781132985306,0.00778746915073,0.00784880050098
ba13_8,0.00893897214299,0.00906397115639,0.00924609223406,0.0092884590737
aa12_11,0.00953327627183,0.0094639444209,0.00942963278139,0.00933733377709
ba14_9,0.00866288234613,0.00871718848359,0.00875162533625,0.00880231241857
ba7_1,0.00709388939335,0.00698293477399,0.00686152490504,0.0
ab9_4,0.00804529866473,0.00804742548337,0.00799257289101,0.00798958868446
bb16_1,0.0,0.0,0.00686017184631,0.00687442311879
aa13_4,0.00806022003105,0.00817510348517,0.00827171224927,0.00830809053145
aa12_4,0.00834824480502,0.00823786611999,0.00807282863875,0.00803179719873
ab8_4,0.0102684086011,0.010216957145,0.0101896924861,0.0101453237674
ba14_2,0.00933570092364,0.00930026001248,0.00920549204553,0.00929067035023
ba14_1,0.0122146209641,0.0121106248609,0.0120210236342,0.0120723266657
ba3_1,0.00752741196823,0.00743892345096,0.00740112564931,0.00732751804962
aa14_4,0.0106408805275,0.0106382101224,0.0105981230935,0.0105717800812
aa14_3,0.00765223937465,0.00766981727797,0.00759533624533,0.00755755105112
ab8_5,0.00743297406308,0.00747959730178,0.007511013392,0.00758237811692
ba14_8,0.0109718431369,0.011011476515,0.0110761641812,0.0111350345966
ab8_3,0.0079607368899,0.0080354655082,0.00811420132849,0.00806068380563
aa15_4,0.00838531173676,0.00835668753192,0.00826278293784,0.00823628414051
