,0,1,2,3
bb14_12,0.0126123805068,0.0126642029664,0.0127579444347,0.0128352601003
bb14_13,0.0119246824137,0.0119535023112,0.0120331048288,0.0121207469042
aa10_6,0.00860937107075,0.00847121467689,0.00833806453515,0.00824532542525
aa11_7,0.00785254922451,0.00778253213345,0.00764161620162,0.00748435285135
aa10_4,0.00785843421799,0.00783382901755,0.00780715241148,0.00778805097245
aa10_5,0.00890850355119,0.0088300814937,0.00874926584861,0.00873195952077
ab14_9,0.0129179607208,0.0133001558952,0.0137996218387,0.014020845946
ab14_8,0.0111954307838,0.0115386485777,0.0118804624816,0.0119513377592
aa10_1,0.00799732420395,0.00800036065263,0.00799591321621,0.00799548498895
ab14_5,0.0175536361333,0.0178254995133,0.0181509127318,0.018297269797
aa6_1,0.00930691806513,0.00928284615974,0.00924445244982,0.00922998848335
aa11_5,0.00982600229515,0.00979391132458,0.00977562330693,0.00977750969006
ab14_6,0.0168205057827,0.0168764276134,0.0168473768014,0.0166248320955
ab14_4,0.0173739170322,0.0179782733963,0.018472490326,0.0186033717141
ab14_7,0.0128535684254,0.0129911467025,0.0129498291022,0.0126858073177
aa11_1,0.00994862004381,0.0100233958251,0.010137973442,0.0102528072079
ab14_2,0.0124804990841,0.0127807783345,0.0131126155231,0.0131906488802
aa4_1,0.0109821124635,0.0110993169979,0.0111753234603,0.0112814517581
aa5_4,0.00939468995684,0.00940080565774,0.00935968543902,0.00934199407203
aa5_3,0.00810154818984,0.00803384931316,0.00797640792365,0.00799353753885
aa5_1,0.011372714893,0.0115084776277,0.0116127905507,0.0116677093955
ab13_1,0.00818522969982,0.00820473044241,0.00821660807526,0.00826015270898
ab14_1,0.0209326672687,0.0215593922549,0.0223161001374,0.0227050697144
ab12_5,0.00773148425906,0.00767078457793,0.00757739326289,0.00754632424641
ab12_4,0.006892671657,0.00683214317488,0.0,0.0
ab12_3,0.00723436184297,0.00713052962906,0.00705611645401,0.00706244398561
aa4_3,0.00685192486977,0.00679675255935,0.0067626232957,0.0067607034444
ab12_1,0.00850285230333,0.0085271113381,0.0085211520029,0.0085810747954
aa6_5,0.00904426758405,0.00896690445025,0.0088349391811,0.00868799519483
aa3_1,0.00788444991676,0.00795479811635,0.00793078470806,0.00798038592875
ab14_3,0.013537062263,0.0137290856188,0.013909211811,0.0139080627414
ba16_14,0.0140862271904,0.0142117938198,0.0143542370651,0.0143366827135
ab12_11,0.00769808576952,0.00762427902503,0.00763012632994,0.00765106428661
ab13_5,0.00743321922829,0.00740805855951,0.00738863984018,0.00740663384127
ba15_14,0.0168750481107,0.0172137341942,0.0176751026491,0.0179181170906
ab13_11,0.00843652263004,0.00830338180618,0.00817138481822,0.00811013582687
ab14_13,0.00836122346073,0.00856093622922,0.00869272363217,0.00867122826624
aa7_1,0.00690140412401,0.00686194377343,0.00678887426518,0.00671455346535
aa11_4,0.00913150364798,0.00911805241837,0.00911990068081,0.00915062272585
ba11_8,0.0073694488393,0.00727681221248,0.00721351492861,0.00725970769107
aa6_4,0.00828211688128,0.00824827579243,0.00818793760367,0.0080944854795
aa10_3,0.00747849485064,0.00742014330138,0.00733164258235,0.00732233025793
aa11_3,0.00788008550011,0.00788716869706,0.00789209058451,0.00792061484556
bb14_7,0.0,0.0,0.00692154104719,0.0071031229756
ab12_6,0.00775492530886,0.00769524443406,0.00763031344058,0.00754116220479
ab14_11,0.0206797950479,0.0210782414929,0.0215243265653,0.0215329590604
ab14_10,0.0181023320437,0.018416523852,0.0187440281034,0.0188584836314
aa11_6,0.0107651790258,0.0106512795134,0.0105357574822,0.0103608707638
ab14_12,0.00783866689101,0.00796764765344,0.00806060655128,0.00807274458878
ab8_1,0.00742105823926,0.00734387402868,0.00722091213254,0.00725643974561
aa11_10,0.00734874490894,0.00727865249296,0.00719752026083,0.00714249589038
