,0,1,2,3
ab16_2,0.0245087298913,0.0244058660218,0.0241223558645,0.0236175204651
ba2_1,0.0267756462341,0.0268147832216,0.0264432405035,0.0260112040368
ba12_10,0.00730127471205,0.00719319071827,0.00705435020138,0.00697039498057
bb11_1,0.0076646228128,0.00761893507737,0.00751023913854,0.00754300949927
aa7_2,0.0146368152751,0.0146765766589,0.0147355979495,0.0147797611683
bb11_4,0.00700383528282,0.00694186620531,0.00691728213291,0.00700723837509
ab15_2,0.0169641575636,0.0172992772939,0.0172064578143,0.0174050382213
bb11_6,0.00636122991907,0.00633438031758,0.00629944236511,0.00632016488365
aa6_2,0.00822298731096,0.00809512166992,0.00812290046967,0.00820967623263
ab14_2,0.0183061122517,0.0186603632854,0.0187643334392,0.0188333268508
bb10_8,0.00659532961461,0.00658133545814,0.00655685473704,0.0064841947677
bb10_9,0.0071008953527,0.0070928366852,0.00707580739908,0.00696130968569
ab13_2,0.0146940769163,0.0144538943127,0.0140749883339,0.0139927437363
aa5_2,0.0075623906015,0.00750586482564,0.00746937250422,0.00752007243762
bb9_8,0.00970249267278,0.00976123437388,0.00993085262419,0.0100362266647
bb10_1,0.00658882861573,0.00653445993103,0.00643820297223,0.00633072843707
ab12_2,0.0143199145896,0.0146043635973,0.0149802801285,0.0150503143708
ab10_3,0.00699375622665,0.00699809363848,0.0070273309408,0.00697472834408
ab10_2,0.0277633343081,0.0279254607685,0.0276535612372,0.0269130686027
aa3_2,0.0133438318402,0.0134259121844,0.0135844644222,0.0136791616473
ba12_1,0.0069852124719,0.00686959721063,0.0067002458277,0.0067011349846
ba12_6,0.00658884458955,0.00655583637366,0.00648373137437,0.00653596384408
ab5_2,0.019235966405,0.0195202834132,0.0198190050678,0.0197958688522
ab11_2,0.0257893004701,0.0260665827633,0.0256858623229,0.0259538188592
ab11_3,0.00610878298835,0.00608703155636,0.00608523910721,0.00609445202554
bb4_1,0.00768007552953,0.00767656617014,0.00765092932447,0.00774411259502
ba7_6,0.00664026074368,0.00668136933687,0.00673371236215,0.00683467357653
ab4_2,0.021231579246,0.0213940588569,0.0213203668021,0.0214175491639
ab3_2,0.0156535299743,0.0157432116797,0.0156975156254,0.0156103056818
aa12_2,0.0164961543049,0.0162047967956,0.0158562173323,0.0157591545481
ba7_1,0.0066509367065,0.00661421755639,0.00658860860388,0.00665604822924
bb6_4,0.00649204063187,0.00650658068435,0.00652744281,0.00662480371007
aa13_2,0.0151514345087,0.0155353083821,0.0160537385817,0.016147155918
ab9_2,0.0289341669909,0.0295166180301,0.030130330357,0.0301540193201
bb6_1,0.0074637020298,0.00745543967628,0.00740766345447,0.00737895101813
bb16_9,0.00604960593712,0.00599242516695,0.00596260163822,0.00588792070818
ab8_2,0.0301599998827,0.0305155167755,0.0313533096896,0.0316132858393
aa14_2,0.00946471948661,0.00930954637508,0.00928650419973,0.00922533109194
bb9_4,0.0076229929213,0.00762665479407,0.00768785139509,0.00782000837496
ba3_1,0.00618544347677,0.00619422167803,0.0062209242761,0.00623740432322
bb9_1,0.00824028021612,0.00822558350459,0.00824162667312,0.00826926604408
ab6_3,0.00605212871435,0.00605085312241,0.00607112366278,0.00608387901234
ab6_2,0.0203788264988,0.0207248978472,0.0206629544429,0.0204173523232
ab8_7,0.00867337089204,0.00877554569771,0.00895325159147,0.00915508706448
aa15_2,0.0101088654465,0.00988718585773,0.00989844869514,0.0096935097798
bb8_6,0.00628431547325,0.00630084665937,0.00635144863563,0.00639975449615
bb9_6,0.00816489103777,0.00817880956318,0.00816452600412,0.00811872089144
ab8_3,0.00748703845044,0.00750723486074,0.00761647456242,0.00767885708911
bb8_1,0.00739639473713,0.00742955981984,0.0074962053002,0.00759643353056
ab7_2,0.0143269608082,0.0144292865609,0.014419410517,0.0143622437416
