,0,1,2,3
ba6_5,0.00991895980513,0.00981002427028,0.00969197224462,0.0097143285035
bb16_9,0.0,0.00754015725684,0.00768810198625,0.007768819839
ba12_11,0.00896550317107,0.00888397538092,0.00874840011266,0.00878073901748
ba12_10,0.00931250499168,0.00915861759582,0.0089769682325,0.00885535616227
ab16_13,0.0077462982305,0.00782768099096,0.00788833307908,0.00790265190188
ab16_12,0.00834925172304,0.0083944428994,0.00836830185007,0.00829084741122
ab15_6,0.00907709395106,0.00891190964713,0.00874890510618,0.00872368091004
bb11_2,0.00843835468189,0.0084014095079,0.00837545821792,0.00842881472055
bb4_2,0.0102467815673,0.0103942487527,0.0105423860256,0.0105954408697
bb11_4,0.00901261373292,0.00906790652321,0.00903757707328,0.00906636053913
bb11_9,0.0082097648598,0.00816798323178,0.00818083894127,0.00830124449428
bb10_9,0.00785667091803,0.00779485150067,0.00778694149857,0.00778658551175
bb10_2,0.00811114992161,0.00808926282496,0.00807024957513,0.00804875334976
bb10_4,0.00883271716265,0.00894221919827,0.00898777994292,0.00886952211252
ba12_9,0.00952834083494,0.00944291546239,0.0094065783251,0.00944029745721
ba12_8,0.0084077782875,0.00840405915102,0.00833517040055,0.00828216298858
ba13_2,0.00835406857963,0.00843866941638,0.00856336797402,0.00867010380345
ba13_4,0.00771390899476,0.00786422348961,0.00801958451118,0.00810727336174
ba13_5,0.00771849783871,0.00774120390886,0.00777070489848,0.00780470863318
ab10_6,0.0108594776779,0.0107796836867,0.0106378931834,0.0105589232733
ba13_8,0.0075806632983,0.00765910320769,0.00769229479299,0.00770045489042
ba13_9,0.00812033499028,0.00825379433339,0.0084865726321,0.00868684428749
ba12_2,0.00941766790159,0.00928222951298,0.00917103801664,0.00915002843699
ba12_5,0.00914987932761,0.00901464336828,0.00889504987195,0.00883585554687
ba12_4,0.00929511627287,0.00935031977315,0.00932160157259,0.00926839211215
ab15_12,0.00912441213916,0.00897755007911,0.00876143034443,0.00861924785008
ab15_13,0.0083843490445,0.00840576266496,0.00845028295943,0.00849306265443
ab11_6,0.0103132753499,0.0101984625754,0.0100129708342,0.010109267673
ab16_6,0.00928977358157,0.00936103803902,0.00942934128781,0.00947995183516
ba12_1,0.0086435206384,0.00843247967972,0.00813670595186,0.00793631303951
ba13_10,0.00794845888614,0.0080020678815,0.00802886727099,0.00802694145101
ba6_4,0.0112248402653,0.011258704717,0.0111624778873,0.0111276338707
ba6_2,0.0112844263878,0.0112666397093,0.0111879586951,0.0112156972739
ba6_1,0.0091445988383,0.00900508313792,0.00879569442993,0.00869616317155
ab8_6,0.0103381439814,0.010383256033,0.010352969893,0.010383103881
ab9_6,0.0116175799578,0.0115080726778,0.0114501145306,0.0116406461275
bb15_5,0.00847002442799,0.00834071845403,0.00826121180686,0.00821590888258
bb16_4,0.0100564228162,0.0103539105902,0.0105889521101,0.0105021758239
aa13_6,0.00967477579695,0.00973195510737,0.00986135832353,0.0100173663868
bb5_2,0.00840806709581,0.00839791112862,0.00841024596975,0.0084247810642
bb5_4,0.00827781829286,0.00838665108046,0.00852517234409,0.00854719640212
bb9_5,0.00829040138933,0.00820458689295,0.00824792503524,0.00832771169012
bb9_4,0.0105125550196,0.0105982471091,0.0107244062589,0.0108263426355
ba13_11,0.00791785765825,0.00799136700476,0.00799717442399,0.00804955331969
bb15_9,0.00804568838061,0.00796736810772,0.00793260975567,0.00793490011627
bb4_1,0.00936825329997,0.00944289851266,0.0094307963667,0.00929872248547
bb9_2,0.00876494746096,0.00880045125336,0.0088899422563,0.00898308765237
bb8_4,0.0079929086085,0.00818905888869,0.00836235972466,0.00838914495386
bb15_4,0.00893043542802,0.00898619576613,0.00901006273801,0.00895497140551
aa12_6,0.00996751975339,0.00975027600401,0.00954775151669,0.00950923922023
bb15_2,0.00755952615481,0.0,0.0,0.0
