,0,1,2,3
ba15_8,0.0133295969107,0.0134059466246,0.0135148374599,0.0136200325626
ba15_9,0.0111208491821,0.0112395431752,0.0113484465959,0.0115129084301
ba15_2,0.01021180208,0.010392572978,0.0103875722573,0.0106743256282
ba15_3,0.0122141778657,0.0124119174523,0.0127063931025,0.0130612484629
ba15_1,0.0128521098223,0.0129026059861,0.0126503663254,0.0125963717622
ba15_6,0.0135732050939,0.0135293366888,0.0135138167264,0.0135233361344
ba15_7,0.0122181932922,0.0122774778448,0.0121469449483,0.012218989821
ba15_4,0.0134560415953,0.0133769394123,0.0135033701662,0.0137369130549
ba15_5,0.0152065740044,0.0153703957539,0.015141506337,0.0150055817857
ab16_13,0.0,0.0,0.00738343162042,0.0
bb11_3,0.010607437184,0.0106670365479,0.0107795678407,0.0109531014799
bb11_5,0.00817928518116,0.00819158778853,0.00798071571055,0.00789230512828
ab16_15,0.0111231942628,0.0110303327742,0.0108279279205,0.0106932062864
bb11_6,0.00771308534977,0.00769046527203,0.00762843934577,0.00758795616384
bb10_3,0.00855713851009,0.00852073737242,0.0084939127732,0.00847752091037
bb10_5,0.00750333195688,0.00746220663672,0.0,0.0
ba13_1,0.00861664098107,0.00878939660605,0.00885993163842,0.00886398041019
ba13_2,0.0,0.0,0.0,0.00737449357173
ba13_3,0.0110896943805,0.0113477580041,0.0117454239992,0.0119753931631
ba13_4,0.00802894638939,0.00800938506174,0.00815109062647,0.00819812982802
ba13_5,0.0115934974336,0.0119034563014,0.0121949417744,0.0122034009815
ba13_6,0.0104917935853,0.0105611457219,0.0107548509135,0.0106868863071
ba13_7,0.00990304818957,0.00998559990937,0.0100902649959,0.0101519202882
ba13_8,0.00886921233667,0.0089648083517,0.00918952669165,0.00924298859459
aa15_13,0.00884237088673,0.00901964591632,0.00912521896025,0.00918410612712
ba14_5,0.00950269962814,0.00941859434404,0.00945988198781,0.00940808976497
bb16_3,0.00832494790991,0.00826811270408,0.00831187701566,0.00836256973597
ba13_12,0.00819853500392,0.00832200778697,0.00860622844515,0.00857032179034
ba15_11,0.0141352908933,0.0141348953221,0.0137624458936,0.0137758455471
ba15_12,0.00916010211355,0.00929567405483,0.00928374606497,0.00916138111275
ba13_11,0.00793180259041,0.0080402951327,0.00802891235719,0.00804005478378
ba15_14,0.00829676546484,0.00844933577917,0.00850567669071,0.00856045002331
bb7_5,0.00964380375227,0.00965804834436,0.0095657494387,0.00955528448892
bb8_7,0.00848182414993,0.00843746008593,0.00841642363215,0.0084176219575
ba15_10,0.0109876754928,0.0109138855564,0.0106772449587,0.0104934246965
bb6_5,0.0107882752911,0.0107693786268,0.0106427447934,0.0104248700945
bb6_3,0.0108283641551,0.0108514150751,0.0110099639807,0.0110547265018
bb16_5,0.00861924401544,0.00862183957742,0.0085526399034,0.00840621808664
bb5_1,0.00865684949296,0.00870304380508,0.0085151070377,0.00833759892617
bb5_3,0.0107765930932,0.0109400035171,0.01108267795,0.0112496429435
bb3_1,0.00871028440787,0.00877138081332,0.00876753429416,0.00881274001639
ba14_3,0.0102260718523,0.0101041976,0.0103467720882,0.0105362214861
ba14_7,0.00754962845368,0.00743651935307,0.00742633536791,0.00748392099896
ba14_6,0.00767483717792,0.00750025145693,0.00751380724694,0.0074941275722
bb9_3,0.0084080678532,0.00840152633218,0.00862988611174,0.00889640650525
ba14_4,0.00810964330575,0.00791020619427,0.0079478125825,0.00802460483335
bb8_5,0.00971019506045,0.0097710347596,0.00984371500225,0.00978459598902
bb8_6,0.00833035899371,0.00827383755541,0.00834199028983,0.00830175471926
ba14_8,0.00766037547769,0.00760155691709,0.0076081736505,0.00762232290087
bb7_3,0.00916798072686,0.00919472382351,0.00925402539323,0.0094264700746
bb7_1,0.00814360250359,0.00813498289743,0.00796701243762,0.00790418941582
bb8_3,0.0105127114475,0.0106157350049,0.0109477654254,0.011231970646
