,0,1,2,3
bb13_5,0.00755067615242,0.00756612138254,0.00755064262444,0.00759133894528
bb13_4,0.00813940219708,0.00805218440588,0.00794088579279,0.00786698116769
bb13_2,0.00825486026323,0.00816329544318,0.00805722461506,0.00802601731721
ba10_7,0.0112893807663,0.011296734059,0.0114536958241,0.0115767075019
ba10_6,0.0114085101636,0.0116673305745,0.0120302580294,0.0123803486328
ba10_5,0.0136312122371,0.0139267508765,0.0142943846143,0.0147071545662
ba10_4,0.0156472569445,0.0157725217963,0.0161435376955,0.0165501436277
ab13_10,0.0104715987067,0.010489674244,0.0105457984189,0.010660931512
ab14_8,0.00797089412182,0.00795453895396,0.00772839035975,0.00757753310087
ba10_1,0.00860270727498,0.00867541132146,0.00877998719683,0.00888268450311
ab11_10,0.0,0.0,0.00716097750456,0.00745612290025
ba10_9,0.00905938874198,0.00917499126867,0.00943788081906,0.00990083838828
ba10_8,0.00795945096422,0.00802909703709,0.00829089322292,0.00866437132398
ba10_3,0.012096600179,0.0122754977693,0.0128481495769,0.0134033052243
ba11_7,0.00791266930474,0.00782844378517,0.0077497175515,0.00766440063513
ba11_4,0.00896176336798,0.00887647862452,0.00873636183757,0.00851469948403
ba11_5,0.00890655696793,0.00897516854559,0.00890120063497,0.00876543074676
ba11_2,0.0100927685823,0.0100431044756,0.00986451894535,0.0097743435478
ba11_3,0.00830382782058,0.00831996291877,0.00836283439626,0.00832054764436
ba8_5,0.00835851474793,0.0083747888421,0.00817207246698,0.00800985927479
ba8_2,0.00905290520888,0.00888892312941,0.00858014701485,0.00842500995828
ab16_10,0.0,0.0,0.0,0.00715529793039
ab15_10,0.0101363750873,0.0101946657833,0.0103522383366,0.0104998859564
ab12_10,0.0083515691122,0.00841531910907,0.00864217949994,0.00873370137771
ab14_11,0.0091136107975,0.00916309744044,0.00913264524291,0.00897931128618
bb4_2,0.0112247813249,0.0111800523051,0.011079522433,0.0109699803928
bb4_3,0.00935893324555,0.0093367468687,0.00940806458484,0.00938153280258
ab14_10,0.013152473385,0.0133225292167,0.013565034808,0.0137605500449
ab15_11,0.00725711992892,0.0072240298525,0.00714778104206,0.00703900515283
bb15_14,0.00744403834073,0.00742182031821,0.00741803924524,0.00736739703614
bb6_4,0.00855937306335,0.00856435027226,0.00851938568912,0.00847923370732
bb6_5,0.00759445494056,0.00769840019943,0.00775456885173,0.00779397840073
bb6_2,0.00905464745748,0.00903856265159,0.00901742655778,0.00906549815181
bb3_2,0.00794269103758,0.00790263666999,0.00796881955777,0.00805324996637
bb5_3,0.00836167350984,0.00844005221124,0.00857539730811,0.00865572288558
bb5_2,0.00942690393317,0.00940021838823,0.00931013155769,0.00927635817771
bb5_4,0.00830984084016,0.00841681195089,0.00849849247498,0.00846562847967
bb7_2,0.00786483735147,0.00775174293184,0.00764198502433,0.00761996223352
bb14_4,0.0105675560113,0.0105009014208,0.0103860240551,0.0101657772795
bb14_5,0.0093110060232,0.00947121173092,0.00949333302861,0.0094483645026
bb14_6,0.00804782259279,0.00813415372855,0.00821545172023,0.00827410344347
bb14_7,0.00800736118663,0.0079659142139,0.00789312961018,0.00779020824457
bb14_2,0.00922716443983,0.00919643400949,0.00916197415902,0.00921510029337
bb14_3,0.00853708138051,0.00849177873996,0.00846578169716,0.00844007824876
bb15_5,0.00752243383982,0.00757608909176,0.00767398427764,0.00773315237466
ba8_4,0.00781020832895,0.00771877731851,0.00751096804112,0.00735896792639
ba8_7,0.00735522689011,0.00722383694795,0.0,0.0
bb7_4,0.00729863308171,0.00722418246882,0.00713474720859,0.0
bb7_3,0.00724118629698,0.00721713389782,0.0072222816478,0.00723162935461
bb15_2,0.00730307368344,0.00726166663161,0.00719778634725,0.00716196295527
ba8_3,0.00773996778568,0.00770452342885,0.00754808375747,0.00742108949397
ba10_2,0.014968259181,0.0149795073934,0.0151254970974,0.015488018098
