subject,0BK_BODY_ACC,0BK_BODY_ACC_TARGET,0BK_BODY_ACC_NONTARGET,0BK_FACE_ACC,0BK_FACE_ACC_TARGET,0BK_FACE_ACC_NONTARGET,0BK_PLACE_ACC,0BK_PLACE_ACC_TARGET,0BK_PLACE_ACC_NONTARGET,0BK_TOOL_ACC,0BK_TOOL_ACC_TARGET,0BK_TOOL_ACC_NONTARGET,0BK_BODY_MEDIAN_RT,0BK_BODY_MEDIAN_RT_TARGET,0BK_BODY_MEDIAN_RT_NONTARGET,0BK_FACE_MEDIAN_RT,0BK_FACE_MEDIAN_RT_TARGET,0BK_FACE_MEDIAN_RT_NONTARGET,0BK_PLACE_MEDIAN_RT,0BK_PLACE_MEDIAN_RT_TARGET,0BK_PLACE_MEDIAN_RT_NONTARGET,0BK_TOOL_MEDIAN_RT,0BK_TOOL_MEDIAN_RT_TARGET,0BK_TOOL_MEDIAN_RT_NONTARGET,2BK_BODY_ACC,2BK_BODY_ACC_TARGET,2BK_BODY_ACC_NONTARGET,2BK_FACE_ACC,2BK_FACE_ACC_TARGET,2BK_FACE_ACC_NONTARGET,2BK_PLACE_ACC,2BK_PLACE_ACC_TARGET,2BK_PLACE_ACC_NONTARGET,2BK_TOOL_ACC,2BK_TOOL_ACC_TARGET,2BK_TOOL_ACC_NONTARGET,2BK_BODY_MEDIAN_RT,2BK_BODY_MEDIAN_RT_TARGET,2BK_BODY_MEDIAN_RT_NONTARGET,2BK_FACE_MEDIAN_RT,2BK_FACE_MEDIAN_RT_TARGET,2BK_FACE_MEDIAN_RT_NONTARGET,2BK_PLACE_MEDIAN_RT,2BK_PLACE_MEDIAN_RT_TARGET,2BK_PLACE_MEDIAN_RT_NONTARGET,2BK_TOOL_MEDIAN_RT,2BK_TOOL_MEDIAN_RT_TARGET,2BK_TOOL_MEDIAN_RT_NONTARGET,
100307,0.9,1.0,0.875,1.0,1.0,1.0,1.0,1.0,1.0,0.7,0.0,0.875,839.0,1048.5,813.0,699.0,640.0,736.5,740.0,901.0,700.5,1005.0,nan,1005.0,0.5,0.0,0.666666666667,1.0,1.0,1.0,0.875,0.5,1.0,0.75,1.0,0.666666666667,1204.5,nan,1204.5,754.5,754.5,737.5,819.0,1037.0,810.0,781.0,716.0,906.0,
101006,0.7,0.5,0.75,0.8,0.5,0.875,1.0,1.0,1.0,1.0,1.0,1.0,838.0,838.0,823.0,763.0,1011.0,751.0,622.0,575.5,632.5,563.5,563.5,546.0,0.5,0.0,0.666666666667,0.875,0.5,1.0,0.75,0.0,1.0,0.625,0.0,0.833333333333,999.0,nan,999.0,557.0,688.0,542.5,633.5,nan,633.5,619.0,nan,619.0,
102008,0.9,0.5,1.0,0.9,1.0,0.875,1.0,1.0,1.0,1.0,1.0,1.0,816.0,838.0,774.0,725.0,830.0,725.0,656.0,691.5,630.5,574.0,607.0,566.5,0.875,1.0,0.833333333333,1.0,1.0,1.0,1.0,1.0,1.0,1.0,1.0,1.0,898.0,840.0,899.0,823.5,698.5,823.5,793.0,807.5,793.0,928.0,815.0,1005.0,
107422,1.0,1.0,1.0,1.0,1.0,1.0,1.0,1.0,1.0,1.0,1.0,1.0,745.0,1005.0,724.0,796.0,821.0,787.5,675.5,725.5,633.0,626.0,621.5,626.0,1.0,1.0,1.0,1.0,1.0,1.0,1.0,1.0,1.0,1.0,1.0,1.0,1263.5,1455.5,1207.5,968.0,976.0,968.0,791.5,1035.0,713.5,904.0,887.0,925.5,
108323,0.8,0.5,0.875,0.6,0.5,0.625,0.6,0.0,0.75,0.7,0.0,0.875,1110.0,1834.0,1094.0,797.5,889.0,789.0,841.5,nan,841.5,784.0,nan,784.0,0.625,0.5,0.666666666667,1.0,1.0,1.0,1.0,1.0,1.0,0.875,1.0,0.833333333333,1132.0,1132.0,1444.0,816.5,638.0,880.0,864.5,741.5,885.0,1250.0,1161.5,1348.0,
111312,1.0,1.0,1.0,0.6,0.0,0.75,1.0,1.0,1.0,1.0,1.0,1.0,714.5,768.5,714.5,711.0,nan,711.0,672.5,715.0,672.5,668.5,763.0,656.5,0.625,1.0,0.5,0.625,0.5,0.666666666667,0.875,0.5,1.0,0.875,1.0,0.833333333333,1064.0,1736.0,1045.0,788.0,551.0,805.5,995.0,1078.0,900.0,832.0,804.0,863.0,
111413,0.9,0.5,1.0,1.0,1.0,1.0,1.0,1.0,1.0,1.0,1.0,1.0,817.0,817.0,778.5,756.5,1005.0,756.5,598.0,490.5,619.0,563.5,564.0,551.0,0.5,0.5,0.5,0.75,0.5,0.833333333333,0.75,0.5,0.833333333333,0.875,1.0,0.833333333333,1122.5,605.0,1184.0,953.0,618.0,1035.0,930.5,756.0,982.0,1109.0,818.0,1251.0,
113619,1.0,1.0,1.0,1.0,1.0,1.0,0.9,0.5,1.0,1.0,1.0,1.0,900.0,1095.0,849.0,936.5,752.5,1205.0,982.0,1213.0,929.5,811.0,815.0,753.0,0.625,0.5,0.666666666667,1.0,1.0,1.0,0.875,0.5,1.0,0.875,1.0,0.833333333333,1588.0,1173.0,1670.5,1097.5,1287.0,983.5,1003.0,1160.0,990.5,1264.0,1071.0,1301.0,
113821,0.9,0.5,1.0,0.8,1.0,0.75,1.0,1.0,1.0,1.0,1.0,1.0,715.0,630.0,745.0,653.0,665.0,653.0,655.0,724.0,608.0,657.5,1024.5,619.5,0.875,1.0,0.833333333333,1.0,1.0,1.0,1.0,1.0,1.0,0.875,1.0,0.833333333333,1222.0,1239.5,1126.0,806.5,544.5,865.0,985.5,1203.5,926.0,1007.0,873.0,1007.0,
115320,0.8,0.5,0.875,0.9,1.0,0.875,1.0,1.0,1.0,0.5,0.0,0.625,1148.5,1547.0,1046.0,747.0,593.5,783.0,741.0,545.5,927.0,1057.0,nan,1057.0,0.375,0.0,0.5,0.75,1.0,0.666666666667,0.875,0.5,1.0,0.75,1.0,0.666666666667,1460.0,nan,1460.0,1174.5,907.0,1407.5,892.0,648.0,1001.0,834.0,827.5,834.0,
118528,0.9,1.0,0.875,0.6,0.0,0.75,1.0,1.0,1.0,0.9,1.0,0.875,1276.0,1477.5,1271.0,1002.0,nan,1002.0,635.5,862.0,624.5,679.0,712.0,679.0,0.875,1.0,0.833333333333,0.875,1.0,0.833333333333,0.875,0.5,1.0,0.875,1.0,0.833333333333,1290.0,1308.5,1274.0,739.0,1002.0,739.0,1202.0,1714.0,1043.0,735.0,686.5,808.0,
118730,0.8,0.5,0.875,0.6,0.0,0.75,1.0,1.0,1.0,1.0,1.0,1.0,809.5,731.0,835.0,1254.0,nan,1254.0,711.0,683.0,730.5,807.5,854.0,725.0,0.5,0.0,0.666666666667,0.75,0.5,0.833333333333,0.875,0.5,1.0,1.0,1.0,1.0,1196.5,nan,1196.5,1014.5,904.0,1125.0,940.0,526.0,970.5,1064.0,1023.5,1064.0,
118932,1.0,1.0,1.0,1.0,1.0,1.0,1.0,1.0,1.0,1.0,1.0,1.0,891.0,1035.5,891.0,896.0,730.5,916.0,686.5,721.5,680.5,724.5,734.5,701.0,0.625,0.5,0.666666666667,0.875,1.0,0.833333333333,0.875,0.5,1.0,0.5,0.0,0.666666666667,1304.0,1396.0,1283.0,936.0,1102.0,936.0,1033.0,1234.0,1014.0,1015.0,nan,1015.0,
120515,0.5,0.5,0.5,0.7,1.0,0.625,0.8,1.0,0.75,0.4,0.0,0.5,1163.0,1765.0,1141.5,1070.0,1174.5,1070.0,1384.5,784.0,1543.5,1150.5,nan,1150.5,0.5,0.5,0.5,0.625,0.5,0.666666666667,0.75,0.5,0.833333333333,0.625,1.0,0.5,1235.5,1437.0,1034.0,1253.0,839.0,1539.5,1049.5,985.0,1090.0,1131.0,1142.0,1131.0,
122317,0.5,0.5,0.5,0.7,0.5,0.75,1.0,1.0,1.0,1.0,1.0,1.0,1259.0,1259.0,1195.0,1490.0,1490.0,1459.0,1059.5,1186.0,1035.0,732.0,912.0,690.5,0.875,1.0,0.833333333333,0.625,1.0,0.5,0.875,0.5,1.0,0.75,0.5,0.833333333333,1591.0,1448.0,1591.0,1319.0,1066.5,1631.0,1110.0,1450.0,1092.0,1370.0,1004.0,1549.0,
122620,0.9,1.0,0.875,1.0,1.0,1.0,0.8,0.0,1.0,1.0,1.0,1.0,780.0,1100.5,750.0,812.0,655.0,843.0,789.5,nan,789.5,776.0,668.5,828.5,0.75,0.0,1.0,0.875,0.5,1.0,0.875,0.5,1.0,0.875,1.0,0.833333333333,989.0,nan,989.0,1003.0,807.0,1029.5,1136.0,1136.0,1246.5,986.0,1044.5,986.0,
127933,0.8,0.0,1.0,1.0,1.0,1.0,1.0,1.0,1.0,1.0,1.0,1.0,1037.0,nan,1037.0,859.5,774.5,941.5,795.0,788.5,801.0,793.0,643.5,838.0,0.5,0.0,0.666666666667,0.75,1.0,0.666666666667,1.0,1.0,1.0,0.875,1.0,0.833333333333,1146.5,nan,1146.5,1161.5,1097.0,1161.5,1096.5,1050.5,1096.5,1239.0,985.0,1325.0,
129028,1.0,1.0,1.0,1.0,1.0,1.0,1.0,1.0,1.0,1.0,1.0,1.0,1213.5,1266.0,1213.5,998.0,930.0,1038.5,1007.0,889.5,1046.0,910.0,931.0,906.5,0.75,0.5,0.833333333333,1.0,1.0,1.0,1.0,1.0,1.0,0.875,1.0,0.833333333333,1514.5,1305.0,1700.0,1258.5,1258.5,1271.5,1043.5,1157.5,1043.5,1233.0,1282.5,1233.0,
133019,0.7,0.0,0.875,1.0,1.0,1.0,1.0,1.0,1.0,1.0,1.0,1.0,951.0,nan,951.0,618.5,618.5,636.0,547.5,578.0,547.5,577.5,680.0,515.0,0.875,1.0,0.833333333333,0.875,1.0,0.833333333333,1.0,1.0,1.0,0.875,1.0,0.833333333333,932.0,896.5,1113.0,682.0,495.5,754.0,849.5,563.0,920.0,960.0,888.0,1230.0,
133625,1.0,1.0,1.0,1.0,1.0,1.0,1.0,1.0,1.0,1.0,1.0,1.0,869.0,1327.5,859.5,905.0,856.0,905.0,804.0,867.0,788.0,862.0,862.0,909.5,0.625,0.5,0.666666666667,1.0,1.0,1.0,1.0,1.0,1.0,0.875,1.0,0.833333333333,1489.0,1085.0,1568.0,1175.5,899.5,1261.5,1287.0,1068.0,1287.0,1302.0,1260.5,1302.0,
133928,0.8,0.5,0.875,0.9,1.0,0.875,1.0,1.0,1.0,1.0,1.0,1.0,964.0,1667.0,917.0,942.0,1055.5,942.0,635.5,605.0,660.5,555.5,555.5,535.5,0.5,0.5,0.5,0.75,0.5,0.833333333333,0.875,0.5,1.0,0.875,1.0,0.833333333333,832.0,1586.0,817.0,858.0,599.0,876.0,797.0,797.0,799.5,864.0,758.0,900.0,
135225,0.7,0.0,0.875,1.0,1.0,1.0,1.0,1.0,1.0,1.0,1.0,1.0,969.0,nan,969.0,686.5,637.5,686.5,717.5,903.5,696.5,546.5,605.0,505.5,0.5,0.5,0.5,0.75,0.5,0.833333333333,0.75,0.5,0.833333333333,0.875,1.0,0.833333333333,1365.0,890.0,1505.0,1019.5,845.0,1069.0,853.0,757.0,867.0,1057.0,1132.0,1057.0,
137128,1.0,1.0,1.0,0.9,1.0,0.875,1.0,1.0,1.0,1.0,1.0,1.0,728.5,883.0,714.0,747.0,698.0,755.0,701.5,1007.0,701.5,651.0,664.5,605.5,0.625,0.5,0.666666666667,1.0,1.0,1.0,1.0,1.0,1.0,0.875,1.0,0.833333333333,1156.0,780.0,1451.0,1163.5,997.5,1306.5,866.5,866.5,805.0,1189.0,1075.0,1189.0,
138231,1.0,1.0,1.0,1.0,1.0,1.0,1.0,1.0,1.0,1.0,1.0,1.0,755.5,1350.5,732.5,634.0,570.5,657.0,597.0,541.0,677.5,594.5,708.0,584.5,0.5,0.5,0.5,0.75,0.5,0.833333333333,0.75,0.5,0.833333333333,1.0,1.0,1.0,1252.5,1677.0,1182.0,821.5,555.0,862.0,1241.0,1282.0,1200.0,873.5,1067.5,835.5,
141422,1.0,1.0,1.0,1.0,1.0,1.0,1.0,1.0,1.0,1.0,1.0,1.0,688.5,775.5,688.5,652.0,656.5,652.0,636.0,664.5,636.0,650.0,695.0,646.5,0.75,0.5,0.833333333333,1.0,1.0,1.0,0.875,0.5,1.0,0.875,1.0,0.833333333333,1170.0,1708.0,1152.0,950.5,756.0,979.5,857.0,1070.0,840.5,941.0,947.5,941.0,
141826,0.8,0.5,0.875,0.6,1.0,0.5,0.7,0.5,0.75,0.8,1.0,0.75,1296.5,1559.0,1266.0,869.5,1214.0,817.5,1137.0,1703.0,1054.0,860.0,1150.5,802.0,0.625,1.0,0.5,0.625,1.0,0.5,0.75,0.5,0.833333333333,0.75,1.0,0.666666666667,1419.0,1420.5,1419.0,878.0,827.0,878.0,846.0,943.0,781.0,821.5,678.5,821.5,
148840,1.0,1.0,1.0,1.0,1.0,1.0,1.0,1.0,1.0,1.0,1.0,1.0,721.0,1310.5,692.5,619.5,596.5,657.0,650.0,645.0,651.0,604.0,772.0,583.5,0.875,1.0,0.833333333333,0.75,1.0,0.666666666667,0.875,0.5,1.0,0.875,1.0,0.833333333333,1217.0,1100.0,1217.0,832.0,796.5,832.0,1023.0,534.0,1087.0,828.0,682.0,969.0,
150423,0.8,0.5,0.875,0.7,0.5,0.75,0.6,0.0,0.75,0.7,0.0,0.875,1044.0,1411.0,1020.0,1126.0,694.0,1166.0,1088.0,nan,1088.0,1085.0,nan,1085.0,0.625,1.0,0.5,0.75,0.5,0.833333333333,0.75,0.5,0.833333333333,0.5,1.0,0.333333333333,1058.0,1262.5,1058.0,1056.5,1513.0,1015.0,1247.5,1229.0,1266.0,1233.5,1412.5,1012.0,
150524,1.0,1.0,1.0,1.0,1.0,1.0,1.0,1.0,1.0,1.0,1.0,1.0,1019.0,1190.0,1019.0,983.0,612.5,1069.5,871.0,786.5,914.5,708.5,809.5,680.0,0.5,0.5,0.5,1.0,1.0,1.0,0.875,0.5,1.0,0.625,0.5,0.666666666667,1496.0,1887.0,1468.0,998.5,1202.0,998.5,1134.0,1472.0,1078.5,1139.0,1139.0,1110.0,
153429,0.9,1.0,0.875,1.0,1.0,1.0,1.0,1.0,1.0,1.0,1.0,1.0,801.0,810.5,801.0,701.5,695.0,701.5,711.0,642.0,765.5,846.5,829.5,846.5,0.875,1.0,0.833333333333,1.0,1.0,1.0,1.0,1.0,1.0,1.0,1.0,1.0,1112.0,1000.0,1155.0,954.5,833.5,1001.0,1057.5,915.0,1113.5,950.5,716.5,997.0,
158035,0.8,0.5,0.875,1.0,1.0,1.0,1.0,1.0,1.0,1.0,1.0,1.0,851.5,821.0,852.0,624.0,592.0,654.0,604.0,595.0,604.0,625.0,569.5,640.5,0.625,0.5,0.666666666667,0.75,0.5,0.833333333333,0.875,0.5,1.0,0.625,0.5,0.666666666667,875.0,1221.0,836.0,734.0,480.0,765.0,1184.0,995.0,1196.0,954.0,1114.0,834.0,
158540,1.0,1.0,1.0,1.0,1.0,1.0,1.0,1.0,1.0,0.7,0.0,0.875,1332.5,1337.5,1332.5,1172.5,1085.5,1172.5,1025.5,1175.5,1025.5,1157.0,nan,1157.0,0.625,0.5,0.666666666667,1.0,1.0,1.0,1.0,1.0,1.0,0.875,1.0,0.833333333333,1510.0,1422.0,1527.5,1175.5,1170.0,1175.5,927.5,707.5,947.0,1129.0,1020.0,1199.0,
159138,0.7,0.0,0.875,0.4,0.0,0.5,0.7,0.0,0.875,0.7,0.0,0.875,879.0,nan,879.0,1252.0,nan,1252.0,895.0,nan,895.0,937.0,nan,937.0,0.625,0.5,0.666666666667,1.0,1.0,1.0,1.0,1.0,1.0,0.875,1.0,0.833333333333,1413.0,1439.0,1305.0,952.5,864.5,952.5,1036.0,1038.5,1036.0,1027.0,1503.5,992.0,
161630,0.6,0.0,0.75,1.0,1.0,1.0,1.0,1.0,1.0,1.0,1.0,1.0,1104.5,nan,1104.5,618.0,612.5,618.0,563.0,505.0,631.5,613.0,668.5,597.0,0.875,1.0,0.833333333333,1.0,1.0,1.0,1.0,1.0,1.0,1.0,1.0,1.0,1128.0,1245.5,1128.0,699.5,593.0,789.0,945.5,721.5,964.5,834.0,608.5,922.5,
165234,1.0,1.0,1.0,1.0,1.0,1.0,1.0,1.0,1.0,1.0,1.0,1.0,722.5,1166.5,722.5,690.5,621.0,690.5,817.0,1090.5,781.5,625.5,689.5,615.0,0.75,0.5,0.833333333333,1.0,1.0,1.0,0.875,0.5,1.0,0.875,1.0,0.833333333333,1180.0,952.0,1291.0,898.5,1002.0,898.5,985.0,957.0,990.0,1126.0,913.5,1126.0,
169444,0.9,0.5,1.0,1.0,1.0,1.0,1.0,1.0,1.0,1.0,1.0,1.0,728.0,728.0,740.0,706.5,713.0,685.0,613.5,735.5,575.0,567.0,715.5,498.0,0.5,0.0,0.666666666667,1.0,1.0,1.0,1.0,1.0,1.0,0.875,0.5,1.0,1348.0,nan,1348.0,958.5,755.5,958.5,714.0,996.0,700.0,788.0,729.0,968.5,
172029,0.9,0.5,1.0,1.0,1.0,1.0,1.0,1.0,1.0,0.9,0.5,1.0,707.0,914.0,696.0,614.5,610.0,649.5,743.0,688.5,766.0,788.0,1124.0,732.5,0.75,0.5,0.833333333333,1.0,1.0,1.0,0.75,0.5,0.833333333333,0.5,0.5,0.5,1261.5,1027.0,1496.0,808.5,642.0,1064.5,1140.0,1299.0,1082.0,763.0,1121.0,700.0,
172130,0.8,0.5,0.875,1.0,1.0,1.0,1.0,1.0,1.0,1.0,1.0,1.0,986.5,959.0,1014.0,609.0,714.0,609.0,661.0,661.0,653.5,699.0,605.5,710.5,0.875,1.0,0.833333333333,1.0,1.0,1.0,1.0,1.0,1.0,1.0,1.0,1.0,1060.0,1044.0,1060.0,702.0,518.5,786.5,822.0,901.5,766.5,835.5,706.5,882.5,
173334,1.0,1.0,1.0,1.0,1.0,1.0,1.0,1.0,1.0,1.0,1.0,1.0,1054.0,800.5,1113.5,675.5,706.5,653.5,962.0,670.0,970.5,722.0,662.5,757.5,0.75,1.0,0.666666666667,1.0,1.0,1.0,1.0,1.0,1.0,1.0,1.0,1.0,1165.5,1135.5,1220.0,865.5,663.0,881.5,1172.5,1098.0,1316.0,1074.0,706.0,1107.5,
175439,1.0,1.0,1.0,0.8,0.5,0.875,1.0,1.0,1.0,1.0,1.0,1.0,1037.5,1519.0,947.5,815.0,573.0,938.0,738.0,512.0,865.0,627.0,591.5,657.5,0.625,0.5,0.666666666667,1.0,1.0,1.0,0.75,0.5,0.833333333333,0.875,1.0,0.833333333333,1276.0,1805.0,1240.5,772.5,657.0,792.0,739.5,625.0,788.0,958.0,972.5,958.0,
177746,0.9,0.5,1.0,0.7,0.5,0.75,0.9,0.5,1.0,1.0,1.0,1.0,1011.0,1008.0,1027.0,1319.0,1092.0,1324.5,823.0,778.0,899.0,693.5,598.5,801.0,0.75,1.0,0.666666666667,0.875,1.0,0.833333333333,1.0,1.0,1.0,0.625,1.0,0.5,1401.0,1309.0,1646.5,1020.0,1142.0,854.0,998.0,1146.0,998.0,1411.0,1364.5,1411.0,
178142,0.9,0.5,1.0,1.0,1.0,1.0,1.0,1.0,1.0,1.0,1.0,1.0,830.0,830.0,846.5,745.5,911.0,745.5,791.0,791.0,848.5,805.0,695.5,860.5,0.75,0.5,0.833333333333,1.0,1.0,1.0,1.0,1.0,1.0,0.875,1.0,0.833333333333,930.5,773.0,1003.0,861.0,782.5,971.5,876.0,1047.5,876.0,1002.0,1313.0,909.0,
178950,0.9,0.5,1.0,1.0,1.0,1.0,1.0,1.0,1.0,1.0,1.0,1.0,754.0,754.0,748.0,714.5,695.0,714.5,716.5,767.5,715.0,680.5,692.0,675.5,0.875,1.0,0.833333333333,1.0,1.0,1.0,1.0,1.0,1.0,1.0,1.0,1.0,878.0,943.5,858.0,723.0,658.0,791.0,845.5,860.5,845.5,799.0,735.0,850.5,
179548,0.7,0.5,0.75,0.5,0.0,0.625,1.0,1.0,1.0,0.7,0.0,0.875,830.0,1792.0,787.5,562.0,nan,562.0,682.0,742.0,661.5,793.0,nan,793.0,0.625,0.5,0.666666666667,0.875,1.0,0.833333333333,1.0,1.0,1.0,0.875,1.0,0.833333333333,877.0,1292.0,841.5,1197.0,1269.5,1025.0,858.0,1181.0,830.0,704.0,803.0,704.0,
180432,1.0,1.0,1.0,1.0,1.0,1.0,1.0,1.0,1.0,1.0,1.0,1.0,737.5,958.5,737.5,705.5,567.0,730.0,572.5,491.5,583.0,735.5,690.0,735.5,0.75,1.0,0.666666666667,0.875,1.0,0.833333333333,1.0,1.0,1.0,1.0,1.0,1.0,1215.0,1580.5,1049.0,769.0,536.0,802.0,895.0,698.0,990.0,799.0,690.5,883.0,
183034,1.0,1.0,1.0,1.0,1.0,1.0,1.0,1.0,1.0,1.0,1.0,1.0,727.0,1005.5,654.5,688.0,644.0,744.0,647.5,707.5,647.5,704.5,699.0,728.5,0.875,1.0,0.833333333333,0.875,1.0,0.833333333333,1.0,1.0,1.0,0.875,1.0,0.833333333333,947.0,833.0,1048.0,1155.0,1093.0,1155.0,1128.5,1161.5,1128.5,980.0,939.5,980.0,
187547,0.8,0.5,0.875,0.7,0.5,0.75,0.7,0.0,0.875,0.7,0.0,0.875,657.5,1063.0,651.0,807.0,807.0,909.5,705.0,nan,705.0,615.0,nan,615.0,0.875,1.0,0.833333333333,1.0,1.0,1.0,1.0,1.0,1.0,0.875,1.0,0.833333333333,1203.0,877.5,1220.0,647.5,623.5,670.0,788.0,942.0,725.0,649.0,517.5,659.0,
189349,1.0,1.0,1.0,1.0,1.0,1.0,1.0,1.0,1.0,1.0,1.0,1.0,789.5,983.0,707.5,591.0,608.0,579.0,585.5,554.5,589.0,537.5,613.0,537.5,0.75,1.0,0.666666666667,1.0,1.0,1.0,0.875,0.5,1.0,1.0,1.0,1.0,1111.0,1213.0,1111.0,837.5,669.0,912.0,758.0,758.0,789.0,975.0,921.5,1086.0,
190031,0.9,0.5,1.0,1.0,1.0,1.0,1.0,1.0,1.0,1.0,1.0,1.0,759.0,781.0,741.0,605.5,579.5,619.0,643.5,647.0,643.5,643.0,731.0,632.5,1.0,1.0,1.0,1.0,1.0,1.0,1.0,1.0,1.0,1.0,1.0,1.0,1262.5,1016.5,1374.0,1123.0,816.5,1252.0,1257.5,932.5,1297.0,1612.0,1170.5,1655.0,
191033,1.0,1.0,1.0,0.9,1.0,0.875,0.9,1.0,0.875,0.6,0.0,0.75,1137.0,1323.0,1072.0,728.0,671.0,836.0,1050.0,1383.0,812.0,1054.0,nan,1054.0,0.625,1.0,0.5,0.875,1.0,0.833333333333,0.875,0.5,1.0,0.625,0.5,0.666666666667,1182.0,1200.5,1055.0,895.0,762.5,929.0,752.0,639.0,786.0,966.0,938.0,1014.0,
194140,0.8,0.0,1.0,0.8,0.5,0.875,0.9,1.0,0.875,1.0,1.0,1.0,701.5,nan,701.5,734.5,990.0,734.0,711.0,656.0,711.0,594.0,673.0,536.5,0.5,0.0,0.666666666667,0.75,0.0,1.0,0.75,0.5,0.833333333333,0.75,0.5,0.833333333333,783.0,nan,783.0,410.5,nan,410.5,1107.0,1818.0,1093.0,952.5,1630.0,844.0,
194645,1.0,1.0,1.0,1.0,1.0,1.0,1.0,1.0,1.0,1.0,1.0,1.0,1243.5,1440.0,1166.0,1049.0,747.0,1105.5,1104.5,979.0,1151.0,1079.5,951.5,1132.5,0.875,1.0,0.833333333333,1.0,1.0,1.0,0.75,0.0,1.0,0.875,1.0,0.833333333333,1229.0,1263.0,1229.0,1279.5,1248.5,1279.5,1327.0,nan,1327.0,1530.0,1633.5,1193.0,
194847,0.6,0.5,0.625,1.0,1.0,1.0,0.7,0.5,0.75,0.8,0.5,0.875,1236.5,1389.0,1093.0,792.5,915.0,792.5,1432.0,1099.0,1482.0,1039.0,1081.0,997.0,0.75,1.0,0.666666666667,1.0,1.0,1.0,0.875,0.5,1.0,0.875,1.0,0.833333333333,1539.5,1262.0,1585.5,1153.5,699.0,1181.0,938.0,948.0,919.0,1117.0,956.0,1222.0,
195041,1.0,1.0,1.0,0.9,1.0,0.875,1.0,1.0,1.0,1.0,1.0,1.0,625.0,704.0,615.5,592.0,686.5,592.0,623.0,587.5,642.0,608.5,544.0,634.5,0.625,1.0,0.5,1.0,1.0,1.0,1.0,1.0,1.0,1.0,1.0,1.0,920.0,1199.5,733.0,741.5,689.0,744.0,662.5,873.0,651.5,839.0,692.0,1026.5,
195849,0.9,1.0,0.875,1.0,1.0,1.0,1.0,1.0,1.0,1.0,1.0,1.0,771.0,1150.0,699.0,895.0,818.0,895.0,800.5,1029.5,734.0,645.0,722.5,585.0,0.875,1.0,0.833333333333,1.0,1.0,1.0,1.0,1.0,1.0,0.875,1.0,0.833333333333,904.0,821.0,1200.0,1167.0,585.5,1284.5,1064.0,1331.5,1064.0,1179.0,1295.5,1179.0,
196144,1.0,1.0,1.0,1.0,1.0,1.0,0.9,1.0,0.875,1.0,1.0,1.0,811.5,1168.0,811.5,773.0,651.5,799.0,786.0,711.5,1001.0,742.0,809.0,714.0,0.375,0.0,0.5,0.75,0.5,0.833333333333,0.75,0.0,1.0,0.625,0.0,0.833333333333,1688.0,nan,1688.0,1004.0,1386.0,933.0,1018.5,nan,1018.5,1320.0,nan,1320.0,
200109,1.0,1.0,1.0,1.0,1.0,1.0,1.0,1.0,1.0,1.0,1.0,1.0,645.0,1244.0,645.0,570.0,499.0,570.0,573.0,522.0,573.0,469.5,483.0,459.5,0.875,1.0,0.833333333333,1.0,1.0,1.0,1.0,1.0,1.0,1.0,1.0,1.0,1092.0,930.0,1130.0,817.5,594.5,918.5,966.0,599.5,1035.5,969.5,815.0,1020.5,
205725,0.9,1.0,0.875,1.0,1.0,1.0,0.8,0.0,1.0,1.0,1.0,1.0,692.0,919.5,636.0,603.5,670.5,603.5,655.0,nan,655.0,549.0,546.5,549.0,0.75,0.5,0.833333333333,1.0,1.0,1.0,0.875,0.5,1.0,0.75,1.0,0.666666666667,943.5,910.0,973.0,892.5,844.5,892.5,811.0,988.0,808.5,879.0,814.5,1063.5,
208024,1.0,1.0,1.0,1.0,1.0,1.0,1.0,1.0,1.0,1.0,1.0,1.0,777.0,1279.5,777.0,785.5,772.0,785.5,871.0,855.0,871.0,740.5,844.5,718.5,0.75,1.0,0.666666666667,1.0,1.0,1.0,1.0,1.0,1.0,0.875,1.0,0.833333333333,1313.0,1371.0,1313.0,1209.5,910.0,1274.5,976.5,885.0,976.5,957.0,1278.0,957.0,
210617,0.9,0.5,1.0,1.0,1.0,1.0,0.6,0.0,0.75,1.0,1.0,1.0,805.0,805.0,827.0,749.0,731.5,749.0,764.5,nan,764.5,1152.5,1027.0,1214.0,0.5,0.0,0.666666666667,0.75,0.5,0.833333333333,0.75,0.5,0.833333333333,0.75,1.0,0.666666666667,829.5,nan,829.5,1069.5,728.0,1186.0,955.5,1592.0,861.0,1261.0,1217.0,1261.0,
211316,0.7,1.0,0.625,1.0,1.0,1.0,1.0,1.0,1.0,1.0,1.0,1.0,1276.0,1468.5,1276.0,942.5,746.0,1015.5,1013.5,962.0,1175.5,953.5,899.5,1016.0,0.5,0.5,0.5,0.875,1.0,0.833333333333,0.375,0.0,0.5,0.75,1.0,0.666666666667,1201.5,1132.0,1271.0,1173.0,1480.5,1173.0,1119.0,nan,1119.0,1181.0,1278.5,1098.5,
211417,0.9,0.5,1.0,1.0,1.0,1.0,1.0,1.0,1.0,1.0,1.0,1.0,768.0,689.0,774.0,662.0,623.0,662.0,674.0,1015.0,660.0,664.5,665.5,664.5,0.875,1.0,0.833333333333,0.875,1.0,0.833333333333,0.875,0.5,1.0,0.875,0.5,1.0,1045.0,1103.5,963.0,882.0,965.5,842.0,975.0,1022.0,924.0,1024.0,763.0,1048.5,
212318,0.9,0.5,1.0,1.0,1.0,1.0,0.8,0.5,0.875,0.5,0.0,0.625,786.0,1887.0,756.5,842.0,825.0,876.5,734.5,858.0,694.0,600.0,nan,600.0,0.75,0.5,0.833333333333,0.875,1.0,0.833333333333,0.625,0.5,0.666666666667,0.875,1.0,0.833333333333,1100.5,1101.0,1100.0,681.0,912.0,644.0,739.0,762.0,731.5,741.0,772.5,719.0,
212419,1.0,1.0,1.0,1.0,1.0,1.0,1.0,1.0,1.0,1.0,1.0,1.0,728.5,1110.5,712.0,717.0,655.0,717.0,685.0,677.0,685.0,656.5,621.5,667.0,1.0,1.0,1.0,1.0,1.0,1.0,0.875,0.5,1.0,1.0,1.0,1.0,1301.0,1220.5,1310.0,1002.0,660.5,1054.5,948.0,1097.0,927.0,984.0,841.5,1052.0,
214423,0.7,0.0,0.875,0.7,0.5,0.75,0.7,0.5,0.75,0.5,0.5,0.5,1455.0,nan,1455.0,1089.0,1075.0,1180.5,1392.0,1534.0,1368.5,1727.0,1149.0,1770.5,0.625,0.5,0.666666666667,0.625,0.5,0.666666666667,0.75,0.5,0.833333333333,1.0,1.0,1.0,1177.0,1045.0,1357.5,1175.0,992.0,1225.5,1272.5,1181.0,1357.0,1066.0,1023.5,1148.0,
224022,0.9,1.0,0.875,1.0,1.0,1.0,1.0,1.0,1.0,0.9,1.0,0.875,1083.0,1028.0,1083.0,807.0,774.0,848.5,893.5,856.0,897.5,1063.0,1215.5,916.0,0.5,0.5,0.5,0.75,1.0,0.666666666667,0.75,0.0,1.0,0.5,0.5,0.5,1302.5,1322.0,1283.0,1142.0,1257.5,1091.5,1428.0,nan,1428.0,1824.0,1883.0,1765.0,
251833,0.8,0.5,0.875,0.6,0.0,0.75,0.7,0.0,0.875,0.7,0.0,0.875,926.5,1086.0,905.0,815.5,nan,815.5,653.0,nan,653.0,665.0,nan,665.0,0.75,1.0,0.666666666667,1.0,1.0,1.0,0.875,0.5,1.0,0.875,1.0,0.833333333333,1348.5,1810.5,1252.5,710.0,755.5,672.0,961.0,1242.0,935.0,923.0,1077.5,801.0,
268850,0.8,0.5,0.875,0.5,0.0,0.625,0.8,0.5,0.875,0.6,0.0,0.75,1169.0,1788.0,1144.0,1186.0,nan,1186.0,1574.5,1603.0,1546.0,1320.5,nan,1320.5,0.5,0.0,0.666666666667,0.75,0.5,0.833333333333,0.625,0.0,0.833333333333,1.0,1.0,1.0,1131.5,nan,1131.5,1344.0,1622.0,1192.0,1315.0,nan,1315.0,1383.5,1259.5,1383.5,
280739,0.9,1.0,0.875,1.0,1.0,1.0,1.0,1.0,1.0,1.0,1.0,1.0,786.0,1237.5,767.0,818.0,941.0,818.0,642.0,597.0,664.5,683.5,745.5,635.0,0.625,0.5,0.666666666667,0.875,0.5,1.0,0.75,0.5,0.833333333333,0.875,1.0,0.833333333333,893.0,1356.0,872.0,765.0,575.0,799.0,918.0,1242.0,824.0,951.0,1133.0,951.0,
285345,0.7,0.5,0.75,0.3,0.0,0.375,0.9,1.0,0.875,1.0,1.0,1.0,1416.0,1459.0,1329.5,1469.0,nan,1469.0,1040.0,851.5,1211.0,760.5,847.5,760.5,0.625,0.5,0.666666666667,0.75,1.0,0.666666666667,0.75,0.0,1.0,0.875,0.5,1.0,1303.0,1303.0,1228.5,1194.0,1550.5,1160.5,752.0,nan,752.0,1335.0,1569.0,1271.5,
289555,0.7,0.5,0.75,0.9,1.0,0.875,0.9,1.0,0.875,0.7,1.0,0.625,1185.0,1185.0,1091.5,943.0,1177.0,868.0,738.0,708.0,738.0,705.0,951.5,705.0,0.5,0.0,0.666666666667,0.625,0.5,0.666666666667,0.625,0.0,0.833333333333,0.5,0.5,0.5,688.0,nan,688.0,757.0,757.0,782.5,981.0,nan,981.0,750.5,640.0,861.0,
307127,0.7,0.0,0.875,0.5,0.0,0.625,0.7,0.0,0.875,0.7,0.5,0.75,820.0,nan,820.0,682.0,nan,682.0,934.0,nan,934.0,896.0,896.0,808.5,0.625,0.5,0.666666666667,1.0,1.0,1.0,0.75,0.0,1.0,0.625,0.5,0.666666666667,840.0,918.0,804.5,650.0,611.5,650.0,839.5,nan,839.5,863.0,1164.0,846.0,
316633,1.0,1.0,1.0,1.0,1.0,1.0,1.0,1.0,1.0,0.7,0.0,0.875,759.5,1268.0,753.0,700.5,997.0,650.5,711.5,654.0,711.5,656.0,nan,656.0,0.75,1.0,0.666666666667,1.0,1.0,1.0,1.0,1.0,1.0,0.875,1.0,0.833333333333,1229.0,1575.5,1180.5,976.0,1018.0,976.0,841.5,933.5,733.5,919.0,913.5,925.0,
334635,0.9,0.5,1.0,1.0,1.0,1.0,1.0,1.0,1.0,0.4,0.0,0.5,836.0,731.0,845.0,681.0,750.5,642.5,550.0,561.0,550.0,653.0,nan,653.0,0.75,0.0,1.0,0.875,0.5,1.0,0.875,0.5,1.0,0.75,0.5,0.833333333333,676.0,nan,676.0,1004.0,1363.0,981.0,647.0,1551.0,622.5,1313.0,1203.0,1423.0,
339847,1.0,1.0,1.0,1.0,1.0,1.0,1.0,1.0,1.0,1.0,1.0,1.0,627.5,953.5,627.5,574.0,512.0,591.5,586.5,578.0,586.5,606.5,514.5,640.5,0.875,1.0,0.833333333333,0.875,1.0,0.833333333333,1.0,1.0,1.0,0.875,1.0,0.833333333333,834.0,808.0,834.0,1122.0,835.5,1404.0,781.5,909.5,774.0,812.0,793.5,917.0,
352738,0.6,0.0,0.75,0.9,1.0,0.875,1.0,1.0,1.0,0.9,1.0,0.875,1020.5,nan,1020.5,728.0,719.5,728.0,556.0,532.5,556.0,759.0,969.5,706.0,1.0,1.0,1.0,0.75,0.5,0.833333333333,0.75,0.0,1.0,0.875,1.0,0.833333333333,1189.0,959.5,1253.5,802.5,1013.0,795.0,662.5,nan,662.5,940.0,747.5,940.0,
365343,1.0,1.0,1.0,0.9,1.0,0.875,1.0,1.0,1.0,1.0,1.0,1.0,811.5,972.0,811.5,849.0,1086.0,821.0,857.0,732.5,891.0,743.0,665.0,743.0,0.625,0.5,0.666666666667,0.875,1.0,0.833333333333,1.0,1.0,1.0,0.875,1.0,0.833333333333,1109.0,1109.0,1144.0,952.0,875.0,1133.0,942.0,837.0,1096.5,1192.0,1180.0,1192.0,
366042,1.0,1.0,1.0,0.8,0.5,0.875,1.0,1.0,1.0,1.0,1.0,1.0,966.0,865.5,1009.0,1023.5,671.0,1091.0,756.0,763.5,748.0,706.5,706.5,708.5,0.75,1.0,0.666666666667,1.0,1.0,1.0,0.875,0.5,1.0,0.75,1.0,0.666666666667,1172.5,1603.5,1075.5,1029.5,993.0,1135.0,1147.0,1073.0,1269.5,1129.5,1217.0,1129.5,
386250,1.0,1.0,1.0,1.0,1.0,1.0,1.0,1.0,1.0,0.7,0.0,0.875,702.0,874.0,702.0,688.0,665.0,713.5,755.5,835.0,744.5,791.0,nan,791.0,0.5,0.5,0.5,0.875,1.0,0.833333333333,0.875,0.5,1.0,0.875,1.0,0.833333333333,1131.0,935.0,1204.0,1124.0,1069.5,1124.0,983.0,1245.0,951.5,840.0,780.0,964.0,
397760,0.7,0.0,0.875,1.0,1.0,1.0,1.0,1.0,1.0,0.9,1.0,0.875,1210.0,nan,1210.0,603.5,654.5,560.5,623.5,535.5,664.5,721.0,1338.0,704.0,1.0,1.0,1.0,0.875,1.0,0.833333333333,0.875,0.5,1.0,0.875,1.0,0.833333333333,997.5,997.5,1011.0,976.0,751.5,1008.0,967.0,1400.0,895.0,808.0,530.5,820.0,
414229,1.0,1.0,1.0,1.0,1.0,1.0,1.0,1.0,1.0,1.0,1.0,1.0,790.5,1232.0,790.5,577.5,583.5,574.0,650.0,939.0,640.5,531.5,538.0,516.0,0.875,1.0,0.833333333333,1.0,1.0,1.0,1.0,1.0,1.0,0.875,1.0,0.833333333333,819.0,809.5,853.0,812.0,1014.5,812.0,631.0,729.0,631.0,609.0,560.5,684.0,
486759,0.8,0.5,0.875,1.0,1.0,1.0,1.0,1.0,1.0,1.0,1.0,1.0,612.5,666.0,601.0,552.5,810.5,504.5,573.5,711.5,563.0,449.5,556.0,429.0,0.75,1.0,0.666666666667,1.0,1.0,1.0,0.875,0.5,1.0,0.625,0.5,0.666666666667,1096.0,1126.0,1096.0,757.5,585.0,862.5,712.0,1286.0,641.0,890.0,890.0,795.0,
500222,1.0,1.0,1.0,1.0,1.0,1.0,1.0,1.0,1.0,1.0,1.0,1.0,708.0,1156.5,708.0,795.0,655.0,862.5,819.5,729.0,819.5,671.0,964.5,630.5,1.0,1.0,1.0,0.875,1.0,0.833333333333,0.875,0.5,1.0,0.75,0.5,0.833333333333,946.0,655.0,1027.5,816.0,621.0,995.0,846.0,497.0,847.0,908.0,749.0,949.0,
510326,0.9,0.5,1.0,1.0,1.0,1.0,1.0,1.0,1.0,0.7,0.5,0.75,789.0,789.0,775.0,646.5,543.0,649.0,593.5,570.0,593.5,741.0,833.0,724.0,0.375,0.5,0.333333333333,0.875,1.0,0.833333333333,0.875,0.5,1.0,0.75,1.0,0.666666666667,1663.0,1859.0,1627.5,807.0,817.0,777.0,970.0,1196.0,958.0,919.5,954.5,919.5,
519950,1.0,1.0,1.0,1.0,1.0,1.0,1.0,1.0,1.0,1.0,1.0,1.0,859.0,1336.0,859.0,779.0,823.5,778.0,719.5,647.0,753.0,694.0,746.5,694.0,0.5,0.0,0.666666666667,1.0,1.0,1.0,0.875,0.5,1.0,0.625,0.5,0.666666666667,1281.0,nan,1281.0,1158.5,924.5,1173.0,1295.0,1574.0,1228.5,1192.0,1444.0,1134.5,
530635,1.0,1.0,1.0,1.0,1.0,1.0,0.9,1.0,0.875,1.0,1.0,1.0,1233.5,1372.5,1233.5,977.5,814.5,1051.5,867.0,794.0,903.0,787.0,719.0,892.0,0.625,1.0,0.5,1.0,1.0,1.0,1.0,1.0,1.0,0.875,1.0,0.833333333333,1398.0,1493.0,1398.0,1259.0,1053.5,1259.0,918.0,751.0,960.0,1146.0,1025.5,1146.0,
540436,0.8,0.5,0.875,0.7,0.5,0.75,1.0,1.0,1.0,1.0,1.0,1.0,940.5,1754.0,895.0,1652.0,1701.0,1399.5,845.0,884.5,845.0,523.5,472.0,536.0,0.75,1.0,0.666666666667,0.75,0.5,0.833333333333,0.5,0.0,0.666666666667,0.875,1.0,0.833333333333,1545.0,1453.0,1545.0,1167.5,913.0,1209.0,1067.5,nan,1067.5,1310.0,907.5,1321.0,
547046,0.7,0.5,0.75,1.0,1.0,1.0,1.0,1.0,1.0,1.0,1.0,1.0,1374.0,1146.0,1429.0,735.0,661.0,787.0,968.5,701.0,1127.0,732.0,607.5,778.5,0.75,0.5,0.833333333333,1.0,1.0,1.0,1.0,1.0,1.0,0.5,0.5,0.5,1313.5,899.0,1406.0,996.5,791.0,1083.5,984.0,998.0,984.0,1137.0,1142.0,1132.0,
567961,0.9,0.5,1.0,1.0,1.0,1.0,1.0,1.0,1.0,0.8,1.0,0.75,874.0,1025.0,843.0,783.0,646.5,874.0,775.5,718.5,814.0,866.5,983.0,847.0,0.625,1.0,0.5,0.875,0.5,1.0,0.875,1.0,0.833333333333,0.75,1.0,0.666666666667,972.0,931.5,1067.0,687.0,685.0,882.0,953.0,832.0,968.0,820.0,952.5,820.0,
568963,0.9,1.0,0.875,0.9,1.0,0.875,0.9,0.5,1.0,1.0,1.0,1.0,1038.0,1392.0,1038.0,726.0,950.5,700.0,713.0,929.0,685.5,569.0,641.0,565.0,0.5,0.5,0.5,0.875,0.5,1.0,0.875,0.5,1.0,1.0,1.0,1.0,1450.5,1276.0,1625.0,962.0,1017.0,956.0,695.0,988.0,660.0,1173.0,1499.0,1038.5,
573249,0.7,0.5,0.75,1.0,1.0,1.0,1.0,1.0,1.0,1.0,1.0,1.0,1467.0,1043.0,1510.5,1136.0,1029.0,1142.0,859.5,859.5,859.5,725.5,779.5,710.0,0.875,1.0,0.833333333333,1.0,1.0,1.0,1.0,1.0,1.0,0.875,1.0,0.833333333333,1081.0,1164.5,1073.0,956.0,913.0,969.5,1046.5,828.5,1157.0,1070.0,994.5,1070.0,
585862,0.8,0.5,0.875,0.9,1.0,0.875,1.0,1.0,1.0,0.9,1.0,0.875,782.5,570.0,807.0,662.0,676.0,556.0,657.5,727.0,657.5,540.0,628.0,519.0,0.5,0.0,0.666666666667,0.875,1.0,0.833333333333,0.875,0.5,1.0,0.75,0.5,0.833333333333,1180.0,nan,1180.0,657.0,435.0,686.0,843.0,555.0,881.0,793.5,702.0,794.0,
586460,0.6,0.0,0.75,0.6,0.5,0.625,0.8,0.5,0.875,1.0,1.0,1.0,833.0,nan,833.0,751.5,710.0,793.0,969.0,1061.0,877.0,841.5,1114.0,841.5,0.625,0.5,0.666666666667,0.75,1.0,0.666666666667,1.0,1.0,1.0,0.875,1.0,0.833333333333,1305.0,1993.0,1186.0,874.5,832.5,874.5,823.0,829.0,823.0,672.0,547.0,699.0,
592455,0.8,0.0,1.0,1.0,1.0,1.0,0.8,0.5,0.875,0.7,0.5,0.75,696.0,nan,696.0,768.0,741.5,791.5,703.0,767.0,671.0,1295.0,1209.0,1301.0,0.625,0.5,0.666666666667,0.875,1.0,0.833333333333,0.75,0.0,1.0,0.875,1.0,0.833333333333,837.0,379.0,841.5,852.0,840.5,852.0,763.0,nan,763.0,784.0,767.5,784.0,
594156,0.9,1.0,0.875,0.8,0.5,0.875,1.0,1.0,1.0,1.0,1.0,1.0,1038.0,1315.0,1038.0,1051.0,685.0,1060.0,880.5,555.5,892.0,773.5,717.5,773.5,0.5,0.0,0.666666666667,0.875,1.0,0.833333333333,0.625,0.5,0.666666666667,0.625,0.0,0.833333333333,1237.5,nan,1237.5,1295.0,1452.0,1295.0,898.0,898.0,928.5,1388.0,nan,1388.0,
601127,1.0,1.0,1.0,1.0,1.0,1.0,1.0,1.0,1.0,1.0,1.0,1.0,637.0,959.5,622.5,828.5,1212.5,828.5,661.0,769.0,625.0,566.5,637.0,499.5,0.875,1.0,0.833333333333,1.0,1.0,1.0,1.0,1.0,1.0,0.75,0.5,0.833333333333,987.0,958.0,987.0,893.5,760.5,973.0,605.0,598.5,605.0,752.0,723.0,781.0,
627549,1.0,1.0,1.0,0.6,0.0,0.75,0.5,0.0,0.625,0.8,0.0,1.0,904.5,1198.5,904.5,863.5,nan,863.5,925.0,nan,925.0,723.0,nan,723.0,0.375,0.0,0.5,0.875,1.0,0.833333333333,0.75,0.5,0.833333333333,0.875,1.0,0.833333333333,1023.0,nan,1023.0,925.0,829.5,950.0,982.0,1052.0,912.0,1149.0,1035.0,1233.0,
672756,0.6,0.0,0.75,0.9,1.0,0.875,0.9,1.0,0.875,1.0,1.0,1.0,1281.0,nan,1281.0,576.0,933.0,488.0,910.0,1394.0,667.0,532.5,497.5,580.0,0.625,0.5,0.666666666667,0.75,0.5,0.833333333333,0.625,0.0,0.833333333333,0.875,1.0,0.833333333333,946.0,832.0,1001.5,743.5,661.0,803.0,626.0,nan,626.0,887.0,783.0,890.0,
677968,1.0,1.0,1.0,0.9,1.0,0.875,0.8,1.0,0.75,1.0,1.0,1.0,830.0,1053.0,830.0,740.0,827.5,740.0,1048.0,1247.5,951.0,779.0,757.5,779.0,0.5,0.0,0.666666666667,0.75,0.5,0.833333333333,1.0,1.0,1.0,0.875,1.0,0.833333333333,1043.5,nan,1043.5,998.0,1066.0,981.0,1019.0,1302.0,970.0,936.0,752.0,962.0,
683256,1.0,1.0,1.0,1.0,1.0,1.0,1.0,1.0,1.0,0.9,0.5,1.0,642.5,883.0,631.5,549.5,536.5,549.5,555.0,594.0,544.5,754.0,958.0,732.0,0.375,0.0,0.5,0.875,1.0,0.833333333333,0.75,0.5,0.833333333333,0.625,0.5,0.666666666667,815.0,nan,815.0,936.0,1121.5,936.0,949.0,603.0,1099.0,942.0,1705.0,886.0,
690152,0.9,0.5,1.0,0.8,1.0,0.75,1.0,1.0,1.0,0.8,1.0,0.75,1129.0,1793.0,1110.5,970.0,855.5,970.0,1215.0,1679.5,1063.0,843.5,844.5,843.5,0.5,1.0,0.333333333333,1.0,1.0,1.0,0.875,0.5,1.0,0.75,1.0,0.666666666667,1523.5,1508.0,1523.5,1548.5,1211.5,1609.0,761.0,736.0,906.0,1373.0,1025.5,1444.5,
702133,1.0,1.0,1.0,1.0,1.0,1.0,1.0,1.0,1.0,1.0,1.0,1.0,752.0,1017.0,695.0,726.0,664.0,738.5,634.5,558.5,675.5,624.0,616.0,624.5,0.625,0.5,0.666666666667,0.875,1.0,0.833333333333,1.0,1.0,1.0,0.875,1.0,0.833333333333,1049.0,933.0,1263.5,1013.0,778.5,1013.0,890.5,695.0,960.0,842.0,731.0,842.0,
748258,0.8,0.5,0.875,0.7,0.5,0.75,0.8,0.5,0.875,0.5,0.0,0.625,832.0,789.0,875.0,736.0,736.0,764.0,873.0,798.0,906.0,581.0,nan,581.0,0.25,0.0,0.333333333333,0.875,0.5,1.0,0.75,0.5,0.833333333333,0.375,0.5,0.333333333333,1368.5,nan,1368.5,560.0,557.0,592.5,771.5,1853.0,696.0,898.0,898.0,1301.5,
751348,0.7,0.0,0.875,1.0,1.0,1.0,1.0,1.0,1.0,0.7,0.5,0.75,1122.0,nan,1122.0,670.0,750.5,670.0,739.5,872.5,710.0,1260.0,1418.0,1240.0,0.875,1.0,0.833333333333,1.0,1.0,1.0,1.0,1.0,1.0,0.875,1.0,0.833333333333,1256.0,1179.0,1256.0,957.5,970.5,957.5,1093.5,1149.5,1093.5,1201.0,774.5,1257.0,
761957,1.0,1.0,1.0,1.0,1.0,1.0,0.8,0.0,1.0,1.0,1.0,1.0,1091.5,1591.5,959.5,1289.0,1110.0,1377.5,774.5,nan,774.5,628.5,627.0,628.5,0.75,0.5,0.833333333333,1.0,1.0,1.0,0.875,0.5,1.0,0.875,1.0,0.833333333333,1019.0,1077.0,962.0,826.0,826.0,822.5,787.0,571.0,870.5,975.0,789.5,975.0,
771354,1.0,1.0,1.0,1.0,1.0,1.0,1.0,1.0,1.0,1.0,1.0,1.0,761.5,1068.0,761.5,755.0,617.5,766.5,663.0,643.0,663.0,675.5,545.5,719.5,0.875,1.0,0.833333333333,1.0,1.0,1.0,1.0,1.0,1.0,0.875,1.0,0.833333333333,1508.0,1401.0,1508.0,890.5,702.5,970.0,953.0,1139.0,898.5,1117.0,1056.0,1117.0,
782561,0.8,0.5,0.875,0.8,1.0,0.75,1.0,1.0,1.0,1.0,1.0,1.0,893.5,853.0,934.0,866.5,944.0,829.5,726.5,756.5,726.5,584.0,474.0,636.0,0.625,0.5,0.666666666667,0.875,1.0,0.833333333333,0.875,0.5,1.0,0.5,1.0,0.333333333333,947.0,1495.0,930.0,1004.0,1009.5,1004.0,877.0,866.0,883.0,1154.5,1044.5,1154.5,
802844,0.5,0.0,0.625,0.9,0.5,1.0,0.6,0.5,0.625,0.6,0.5,0.625,1397.0,nan,1397.0,1056.0,1009.0,1215.0,1616.0,1375.0,1694.0,1514.0,1595.0,1433.0,0.5,0.5,0.5,0.75,1.0,0.666666666667,0.75,0.5,0.833333333333,0.75,1.0,0.666666666667,1635.0,1657.0,1613.0,1172.5,1172.5,1186.0,1257.0,1228.0,1278.0,1253.5,1233.5,1305.0,
833148,1.0,1.0,1.0,1.0,1.0,1.0,1.0,1.0,1.0,1.0,1.0,1.0,694.0,741.0,694.0,647.5,703.5,593.0,569.5,883.5,545.5,552.0,613.5,552.0,0.625,0.0,0.833333333333,0.875,0.5,1.0,0.75,0.0,1.0,0.625,0.0,0.833333333333,648.0,nan,648.0,593.0,1019.0,564.0,535.5,nan,535.5,633.0,nan,633.0,
861456,0.6,0.0,0.75,1.0,1.0,1.0,1.0,1.0,1.0,0.9,0.5,1.0,721.5,nan,721.5,773.0,763.0,773.0,772.5,759.5,772.5,666.0,638.0,687.0,0.875,1.0,0.833333333333,0.75,1.0,0.666666666667,0.875,0.5,1.0,0.875,1.0,0.833333333333,979.0,1250.0,949.0,1207.0,1078.5,1327.5,954.0,601.0,959.0,966.0,942.0,966.0,
877168,0.9,1.0,0.875,1.0,1.0,1.0,1.0,1.0,1.0,1.0,1.0,1.0,884.0,1276.0,867.0,677.5,799.5,670.0,673.0,698.5,673.0,620.5,655.5,587.5,0.625,1.0,0.5,0.75,0.5,0.833333333333,0.875,0.5,1.0,0.875,1.0,0.833333333333,1573.0,1636.5,1573.0,1098.0,1600.0,933.0,874.0,926.0,823.5,987.0,716.5,1127.0,
887373,1.0,1.0,1.0,1.0,1.0,1.0,1.0,1.0,1.0,0.9,1.0,0.875,660.5,1164.0,651.5,661.5,661.5,635.0,773.5,732.0,815.5,875.0,983.5,844.0,0.75,0.5,0.833333333333,0.75,0.5,0.833333333333,1.0,1.0,1.0,0.875,1.0,0.833333333333,1006.5,1105.0,982.0,886.5,886.0,887.0,996.0,1162.5,959.0,980.0,1054.0,970.0,
894673,0.7,0.0,0.875,1.0,1.0,1.0,1.0,1.0,1.0,1.0,1.0,1.0,974.0,nan,974.0,675.5,653.0,689.0,714.0,681.0,762.0,812.0,851.0,812.0,0.625,0.5,0.666666666667,0.875,1.0,0.833333333333,1.0,1.0,1.0,0.875,1.0,0.833333333333,834.0,782.0,883.5,794.0,1080.0,794.0,885.0,706.0,955.0,663.0,690.5,663.0,
901442,1.0,1.0,1.0,0.6,0.5,0.625,1.0,1.0,1.0,1.0,1.0,1.0,1059.0,1115.5,1059.0,1279.5,1154.0,1405.0,843.0,745.0,843.0,759.5,679.5,774.5,0.625,1.0,0.5,0.875,1.0,0.833333333333,1.0,1.0,1.0,0.75,1.0,0.666666666667,926.0,1087.0,858.0,903.0,671.5,1024.0,937.0,774.0,941.5,1085.0,767.5,1118.0,
910241,0.9,0.5,1.0,1.0,1.0,1.0,1.0,1.0,1.0,1.0,1.0,1.0,1039.0,1715.0,1002.5,904.0,881.5,920.5,979.5,911.0,1018.5,1089.0,1141.5,1089.0,0.875,1.0,0.833333333333,1.0,1.0,1.0,0.875,0.5,1.0,0.75,0.5,0.833333333333,1364.0,1431.0,1364.0,1470.5,1051.5,1562.0,1121.0,1128.0,1115.5,1037.5,1347.0,1036.0,
922854,0.6,0.0,0.75,1.0,1.0,1.0,1.0,1.0,1.0,0.8,0.0,1.0,861.5,nan,861.5,516.5,603.5,508.0,627.5,704.0,608.5,585.0,nan,585.0,0.875,1.0,0.833333333333,1.0,1.0,1.0,1.0,1.0,1.0,0.875,1.0,0.833333333333,1058.0,1041.5,1095.0,818.0,771.5,837.5,940.0,863.5,1073.5,905.0,718.5,915.0,
930449,1.0,1.0,1.0,1.0,1.0,1.0,1.0,1.0,1.0,0.7,0.0,0.875,748.0,913.5,689.5,777.5,934.5,756.5,690.5,676.0,696.5,863.0,nan,863.0,0.875,1.0,0.833333333333,0.875,1.0,0.833333333333,0.625,0.0,0.833333333333,0.875,1.0,0.833333333333,1493.0,1688.0,1472.0,1106.0,1264.0,1106.0,950.0,nan,950.0,1112.0,1182.0,1110.0,
937160,1.0,1.0,1.0,1.0,1.0,1.0,0.7,0.0,0.875,1.0,1.0,1.0,1326.0,1193.5,1326.0,894.5,824.5,917.0,874.0,nan,874.0,785.5,723.5,856.5,0.375,0.5,0.333333333333,0.875,1.0,0.833333333333,0.625,0.5,0.666666666667,0.625,1.0,0.5,1482.0,1546.0,1251.0,1352.0,1488.0,1313.0,1195.0,1058.0,1294.0,1418.0,1304.5,1418.0,
957974,0.9,0.5,1.0,1.0,1.0,1.0,1.0,1.0,1.0,1.0,1.0,1.0,631.0,647.0,629.0,606.5,652.5,587.0,655.5,640.0,655.5,644.5,720.0,566.0,0.75,0.5,0.833333333333,1.0,1.0,1.0,1.0,1.0,1.0,1.0,1.0,1.0,1011.5,863.0,1066.0,930.0,848.5,991.0,845.0,973.0,799.5,960.5,805.5,967.0,
958976,1.0,1.0,1.0,0.4,0.0,0.5,0.8,0.0,1.0,1.0,1.0,1.0,1088.0,950.5,1209.5,1788.0,nan,1788.0,1118.5,nan,1118.5,823.0,841.5,807.5,0.5,0.5,0.5,0.625,0.0,0.833333333333,0.75,0.5,0.833333333333,0.625,1.0,0.5,1412.5,1448.0,1377.0,814.0,nan,814.0,1339.0,1559.0,1151.0,1419.0,1167.5,1760.0,
965367,1.0,1.0,1.0,1.0,1.0,1.0,1.0,1.0,1.0,1.0,1.0,1.0,973.0,1308.0,918.5,905.0,851.5,988.0,665.0,704.0,622.5,680.5,845.0,618.5,0.75,1.0,0.666666666667,0.875,1.0,0.833333333333,1.0,1.0,1.0,0.875,1.0,0.833333333333,773.0,1172.0,730.0,994.0,1079.0,994.0,1301.5,1259.5,1301.5,1244.0,1129.0,1275.0,
983773,0.9,0.5,1.0,1.0,1.0,1.0,1.0,1.0,1.0,1.0,1.0,1.0,649.0,669.0,639.5,591.0,482.5,602.0,598.5,536.0,598.5,526.0,586.0,526.0,0.75,0.5,0.833333333333,1.0,1.0,1.0,0.875,0.5,1.0,1.0,1.0,1.0,825.0,820.0,830.0,978.5,815.0,1059.5,823.0,810.0,849.0,947.5,865.0,947.5,
984472,0.9,0.5,1.0,1.0,1.0,1.0,1.0,1.0,1.0,1.0,1.0,1.0,739.0,589.0,755.0,633.5,620.0,647.5,665.5,661.0,665.5,454.0,633.0,442.0,1.0,1.0,1.0,1.0,1.0,1.0,1.0,1.0,1.0,0.875,1.0,0.833333333333,1286.5,1047.0,1396.0,814.5,738.0,823.0,1027.5,1029.0,1027.0,1057.0,840.5,1162.0,
