100307
101006
102008
107422
108323
111312
111413
113619
113821
115320
118528
118730
118932
120515
122317
122620
127933
129028
133019
133625
133928
135225
137128
138231
141422
141826
148840
150423
150524
153429
158035
158540
159138
161630
165234
169444
172029
172130
175439
177746
178142
178950
179548
180432
183034
187547
189349
190031
191033
194140
194645
194847
195041
195849
196144
200109
205725
208024
210617
211316
211417
212318
212419
214423
224022
251833
268850
280739
285345
289555
307127
316633
334635
339847
352738
365343
366042
386250
397760
414229
486759
500222
510326
519950
530635
540436
547046
567961
568963
573249
585862
586460
592455
594156
601127
627549
672756
677968
683256
690152
702133
748258
751348
761957
771354
782561
802844
833148
861456
877168
887373
894673
901442
910241
922854
930449
937160
957974
958976
965367
983773
984472
