,0,1,2,3,4,5,6,7,8,9,10,11
ba3_2,0.00128049271426,0.00127282165208,0.00126604302892,0.00126074739029,0.0012560165964,0.00125179462506,0.00124776471868,0.00124348322101,0.00123966488725,0.00123677230553,0.00123494263153,0.00123331933641
ba2_1,0.00128049271426,0.00127282165208,0.00126604302892,0.00126074739029,0.0012560165964,0.00125179462506,0.00124776471868,0.00124348322101,0.00123966488725,0.00123677230553,0.00123494263153,0.00123331933641
ab2_1,0.00128049271426,0.00127282165208,0.00126604302892,0.00126074739029,0.0012560165964,0.00125179462506,0.00124776471868,0.00124348322101,0.00123966488725,0.00123677230553,0.00123494263153,0.00123331933641
bb3_2,0.356657657823,0.356325108438,0.355962524575,0.356742473643,0.357778595244,0.359036697141,0.359284108744,0.35832202966,0.35671549713,0.355988826437,0.355960263381,0.355862640425
bb3_1,0.315214866156,0.315264150753,0.314701541798,0.312707022772,0.310129730555,0.307519047597,0.306252776463,0.306492401232,0.307548193858,0.307744989793,0.307398144539,0.307345394128
ba3_1,0.00128049271426,0.00127282165208,0.00126604302892,0.00126074739029,0.0012560165964,0.00125179462506,0.00124776471868,0.00124348322101,0.00123966488725,0.00123677230553,0.00123494263153,0.00123331933641
aa3_1,0.00128049271426,0.00127282165208,0.00126604302892,0.00126074739029,0.0012560165964,0.00125179462506,0.00124776471868,0.00124348322101,0.00123966488725,0.00123677230553,0.00123494263153,0.00123331933641
aa3_2,0.00128049271426,0.00127282165208,0.00126604302892,0.00126074739029,0.0012560165964,0.00125179462506,0.00124776471868,0.00124348322101,0.00123966488725,0.00123677230553,0.00123494263153,0.00123331933641
ab3_1,0.00128049271426,0.00127282165208,0.00126604302892,0.00126074739029,0.0012560165964,0.00125179462506,0.00124776471868,0.00124348322101,0.00123966488725,0.00123677230553,0.00123494263153,0.00123331933641
ab3_2,0.00128049271426,0.00127282165208,0.00126604302892,0.00126074739029,0.0012560165964,0.00125179462506,0.00124776471868,0.00124348322101,0.00123966488725,0.00123677230553,0.00123494263153,0.00123331933641
bb2_1,0.316603041593,0.31695534594,0.317941546367,0.319203777072,0.320787524834,0.322178103636,0.323233232325,0.32399422012,0.324579325026,0.325135233021,0.325527108396,0.325692091419
aa2_1,0.00128049271426,0.00127282165208,0.00126604302892,0.00126074739029,0.0012560165964,0.00125179462506,0.00124776471868,0.00124348322101,0.00123966488725,0.00123677230553,0.00123494263153,0.00123331933641
