,0,1,2,3,4,5,6,7,8,9,10,11
ba3_2,0.0833333333333,0.0833333333333,0.0833333333333,0.0833333333333,0.0833333333333,0.0833333333333,0.0833333333333,0.0833333333333,0.0833333333333,0.0833333333333,0.0833333333333,0.0833333333333
ba2_1,0.0833333333333,0.0833333333333,0.0833333333333,0.0833333333333,0.0833333333333,0.0833333333333,0.0833333333333,0.0833333333333,0.0833333333333,0.0833333333333,0.0833333333333,0.0833333333333
ab2_1,0.0833333333333,0.0833333333333,0.0833333333333,0.0833333333333,0.0833333333333,0.0833333333333,0.0833333333333,0.0833333333333,0.0833333333333,0.0833333333333,0.0833333333333,0.0833333333333
bb3_2,0.0833333333333,0.0833333333333,0.0833333333333,0.0833333333333,0.0833333333333,0.0833333333333,0.0833333333333,0.0833333333333,0.0833333333333,0.0833333333333,0.0833333333333,0.0833333333333
bb3_1,0.0833333333333,0.0833333333333,0.0833333333333,0.0833333333333,0.0833333333333,0.0833333333333,0.0833333333333,0.0833333333333,0.0833333333333,0.0833333333333,0.0833333333333,0.0833333333333
ba3_1,0.0833333333333,0.0833333333333,0.0833333333333,0.0833333333333,0.0833333333333,0.0833333333333,0.0833333333333,0.0833333333333,0.0833333333333,0.0833333333333,0.0833333333333,0.0833333333333
aa3_1,0.0833333333333,0.0833333333333,0.0833333333333,0.0833333333333,0.0833333333333,0.0833333333333,0.0833333333333,0.0833333333333,0.0833333333333,0.0833333333333,0.0833333333333,0.0833333333333
aa3_2,0.0833333333333,0.0833333333333,0.0833333333333,0.0833333333333,0.0833333333333,0.0833333333333,0.0833333333333,0.0833333333333,0.0833333333333,0.0833333333333,0.0833333333333,0.0833333333333
ab3_1,0.0833333333333,0.0833333333333,0.0833333333333,0.0833333333333,0.0833333333333,0.0833333333333,0.0833333333333,0.0833333333333,0.0833333333333,0.0833333333333,0.0833333333333,0.0833333333333
ab3_2,0.0833333333333,0.0833333333333,0.0833333333333,0.0833333333333,0.0833333333333,0.0833333333333,0.0833333333333,0.0833333333333,0.0833333333333,0.0833333333333,0.0833333333333,0.0833333333333
bb2_1,0.0833333333333,0.0833333333333,0.0833333333333,0.0833333333333,0.0833333333333,0.0833333333333,0.0833333333333,0.0833333333333,0.0833333333333,0.0833333333333,0.0833333333333,0.0833333333333
aa2_1,0.0833333333333,0.0833333333333,0.0833333333333,0.0833333333333,0.0833333333333,0.0833333333333,0.0833333333333,0.0833333333333,0.0833333333333,0.0833333333333,0.0833333333333,0.0833333333333
