,0,1,2,3,4,5,6,7,8,9,10,11
ba3_2,0.0041362060583,0.00411863728067,0.00410232734304,0.00408655140617,0.0040719175036,0.00405944764137,0.00404952682197,0.00404133743856,0.00403753564406,0.00403398325697,0.00403095329728,0.00402764692601
ba2_1,0.0041362060583,0.00411863728067,0.00410232734304,0.00408655140617,0.0040719175036,0.00405944764137,0.00404952682197,0.00404133743856,0.00403753564406,0.00403398325697,0.00403095329728,0.00402764692601
ab2_1,0.0041362060583,0.00411863728067,0.00410232734304,0.00408655140617,0.0040719175036,0.00405944764137,0.00404952682197,0.00404133743856,0.00403753564406,0.00403398325697,0.00403095329728,0.00402764692601
bb3_2,0.0041362060583,0.00411863728067,0.00410232734304,0.00408655140617,0.0040719175036,0.00405944764137,0.00404952682197,0.00404133743856,0.00403753564406,0.00403398325697,0.00403095329728,0.00402764692601
bb3_1,0.0041362060583,0.00411863728067,0.00410232734304,0.00408655140617,0.0040719175036,0.00405944764137,0.00404952682197,0.00404133743856,0.00403753564406,0.00403398325697,0.00403095329728,0.00402764692601
ba3_1,0.0041362060583,0.00411863728067,0.00410232734304,0.00408655140617,0.0040719175036,0.00405944764137,0.00404952682197,0.00404133743856,0.00403753564406,0.00403398325697,0.00403095329728,0.00402764692601
aa3_1,0.0041362060583,0.00411863728067,0.00410232734304,0.00408655140617,0.0040719175036,0.00405944764137,0.00404952682197,0.00404133743856,0.00403753564406,0.00403398325697,0.00403095329728,0.00402764692601
aa3_2,0.320913174937,0.320964051013,0.321009487934,0.321062667835,0.32110424159,0.321106999494,0.321177505535,0.321210726858,0.321226497377,0.321229999682,0.32120852073,0.321241625901
ab3_1,0.320947337293,0.321007947389,0.321065004294,0.321111844803,0.321157085225,0.321211462558,0.321206260754,0.321214473836,0.32121496186,0.32122997737,0.321267353985,0.321274997237
ab3_2,0.0041362060583,0.00411863728067,0.00410232734304,0.00408655140617,0.0040719175036,0.00405944764137,0.00404952682197,0.00404133743856,0.00403753564406,0.00403398325697,0.00403095329728,0.00402764692601
bb2_1,0.0041362060583,0.00411863728067,0.00410232734304,0.00408655140617,0.0040719175036,0.00405944764137,0.00404952682197,0.00404133743856,0.00403753564406,0.00403398325697,0.00403095329728,0.00402764692601
aa2_1,0.320913633245,0.320960266072,0.321004561686,0.321046524706,0.321091415653,0.321146509175,0.321170492313,0.321202762359,0.321220719966,0.321234173635,0.321245545609,0.321234554528
