,0,1,2,3,4,5,6,7,8,9,10,11
ba3_2,0.00784117658013,0.0078119602223,0.00778514610842,0.00775874296028,0.00773716851884,0.0077161360183,0.0077001041217,0.00768612048768,0.00767529008699,0.00766617022924,0.00765978100793,0.00765428935095
ba2_1,0.00784117658013,0.0078119602223,0.00778514610842,0.00775874296028,0.00773716851884,0.0077161360183,0.0077001041217,0.00768612048768,0.00767529008699,0.00766617022924,0.00765978100793,0.00765428935095
ab2_1,0.00784117658013,0.0078119602223,0.00778514610842,0.00775874296028,0.00773716851884,0.0077161360183,0.0077001041217,0.00768612048768,0.00767529008699,0.00766617022924,0.00765978100793,0.00765428935095
bb3_2,0.00784117658013,0.0078119602223,0.00778514610842,0.00775874296028,0.00773716851884,0.0077161360183,0.0077001041217,0.00768612048768,0.00767529008699,0.00766617022924,0.00765978100793,0.00765428935095
bb3_1,0.00784117658013,0.0078119602223,0.00778514610842,0.00775874296028,0.00773716851884,0.0077161360183,0.0077001041217,0.00768612048768,0.00767529008699,0.00766617022924,0.00765978100793,0.00765428935095
ba3_1,0.00784117658013,0.0078119602223,0.00778514610842,0.00775874296028,0.00773716851884,0.0077161360183,0.0077001041217,0.00768612048768,0.00767529008699,0.00766617022924,0.00765978100793,0.00765428935095
aa3_1,0.00784117658013,0.0078119602223,0.00778514610842,0.00775874296028,0.00773716851884,0.0077161360183,0.0077001041217,0.00768612048768,0.00767529008699,0.00766617022924,0.00765978100793,0.00765428935095
aa3_2,0.913747057619,0.914068437555,0.914363392807,0.914653827437,0.914891146293,0.915122503799,0.915298854661,0.915452674635,0.915571809043,0.915672127478,0.915742408913,0.91580281714
ab3_1,0.00784117658013,0.0078119602223,0.00778514610842,0.00775874296028,0.00773716851884,0.0077161360183,0.0077001041217,0.00768612048768,0.00767529008699,0.00766617022924,0.00765978100793,0.00765428935095
ab3_2,0.00784117658013,0.0078119602223,0.00778514610842,0.00775874296028,0.00773716851884,0.0077161360183,0.0077001041217,0.00768612048768,0.00767529008699,0.00766617022924,0.00765978100793,0.00765428935095
bb2_1,0.00784117658013,0.0078119602223,0.00778514610842,0.00775874296028,0.00773716851884,0.0077161360183,0.0077001041217,0.00768612048768,0.00767529008699,0.00766617022924,0.00765978100793,0.00765428935095
aa2_1,0.00784117658013,0.0078119602223,0.00778514610842,0.00775874296028,0.00773716851884,0.0077161360183,0.0077001041217,0.00768612048768,0.00767529008699,0.00766617022924,0.00765978100793,0.00765428935095
