,0,1,2,3,4,5,6,7,8,9,10,11
ab2_1,0.319408935354,0.319552337582,0.319695259624,0.319838609471,0.320009921976,0.320125164451,0.320233102264,0.32025534313,0.320277863382,0.32030273673,0.320324248305,0.320339675246
ba2_1,0.00655462028945,0.00653089296778,0.00650664583546,0.0064819603319,0.00646015876968,0.00644465231261,0.00642924970464,0.0064171895531,0.00640530712488,0.0063938328405,0.00638850677066,0.00638709469242
ba3_2,0.236500742592,0.236525710006,0.236549743054,0.236581942738,0.236899368446,0.237129485801,0.237350388366,0.237191141928,0.237028681895,0.236849108567,0.236057064632,0.236038488174
bb3_2,0.0984117028917,0.0983344562591,0.0982579947266,0.0981825864047,0.0980874456578,0.0980268205884,0.0979692238514,0.0979664855296,0.0979610177751,0.0979579903813,0.0981780601357,0.0981776119297
bb3_1,0.00655462028945,0.00653089296778,0.00650664583546,0.0064819603319,0.00646015876968,0.00644465231261,0.00642924970464,0.0064171895531,0.00640530712488,0.0063938328405,0.00638850677066,0.00638709469242
ba3_1,0.00655462028945,0.00653089296778,0.00650664583546,0.0064819603319,0.00646015876968,0.00644465231261,0.00642924970464,0.0064171895531,0.00640530712488,0.0063938328405,0.00638850677066,0.00638709469242
aa3_1,0.293241656847,0.293340352411,0.293443835912,0.293541178731,0.293321993762,0.293161310659,0.293013287882,0.293249512988,0.293489979949,0.293739501598,0.294332572761,0.294347467111
aa3_2,0.00655462028945,0.00653089296778,0.00650664583546,0.0064819603319,0.00646015876968,0.00644465231261,0.00642924970464,0.0064171895531,0.00640530712488,0.0063938328405,0.00638850677066,0.00638709469242
ab3_1,0.00655462028945,0.00653089296778,0.00650664583546,0.0064819603319,0.00646015876968,0.00644465231261,0.00642924970464,0.0064171895531,0.00640530712488,0.0063938328405,0.00638850677066,0.00638709469242
ab3_2,0.00655462028945,0.00653089296778,0.00650664583546,0.0064819603319,0.00646015876968,0.00644465231261,0.00642924970464,0.0064171895531,0.00640530712488,0.0063938328405,0.00638850677066,0.00638709469242
bb2_1,0.00655462028945,0.00653089296778,0.00650664583546,0.0064819603319,0.00646015876968,0.00644465231261,0.00642924970464,0.0064171895531,0.00640530712488,0.0063938328405,0.00638850677066,0.00638709469242
aa2_1,0.00655462028945,0.00653089296778,0.00650664583546,0.0064819603319,0.00646015876968,0.00644465231261,0.00642924970464,0.0064171895531,0.00640530712488,0.0063938328405,0.00638850677066,0.00638709469242
