,0,1,2,3,4,5,6,7,8,9,10,11
ba3_2,0.310482574225,0.310467793869,0.310296519726,0.310096158761,0.309756688396,0.309379231604,0.309569467622,0.309706756812,0.310379933697,0.311050037569,0.311503963205,0.311768006687
ba2_1,0.0046391106061,0.00462039845384,0.0046037714476,0.00458726310815,0.00457211002944,0.00455796107979,0.00454648788426,0.00453697962655,0.00453038001799,0.00452411640041,0.00451947276189,0.00451590274031
ab2_1,0.0046391106061,0.00462039845384,0.0046037714476,0.00458726310815,0.00457211002944,0.00455796107979,0.00454648788426,0.00453697962655,0.00453038001799,0.00452411640041,0.00451947276189,0.00451590274031
bb3_2,0.0046391106061,0.00462039845384,0.0046037714476,0.00458726310815,0.00457211002944,0.00455796107979,0.00454648788426,0.00453697962655,0.00453038001799,0.00452411640041,0.00451947276189,0.00451590274031
bb3_1,0.323881601524,0.323973056783,0.324134143922,0.324308418711,0.324545633235,0.324797207745,0.324751569661,0.324725807863,0.324418967426,0.324113556665,0.323909314872,0.323793983285
ba3_1,0.0046391106061,0.00462039845384,0.0046037714476,0.00458726310815,0.00457211002944,0.00455796107979,0.00454648788426,0.00453697962655,0.00453038001799,0.00452411640041,0.00451947276189,0.00451590274031
aa3_1,0.0046391106061,0.00462039845384,0.0046037714476,0.00458726310815,0.00457211002944,0.00455796107979,0.00454648788426,0.00453697962655,0.00453038001799,0.00452411640041,0.00451947276189,0.00451590274031
aa3_2,0.0046391106061,0.00462039845384,0.0046037714476,0.00458726310815,0.00457211002944,0.00455796107979,0.00454648788426,0.00453697962655,0.00453038001799,0.00452411640041,0.00451947276189,0.00451590274031
ab3_1,0.0046391106061,0.00462039845384,0.0046037714476,0.00458726310815,0.00457211002944,0.00455796107979,0.00454648788426,0.00453697962655,0.00453038001799,0.00452411640041,0.00451947276189,0.00451590274031
ab3_2,0.0046391106061,0.00462039845384,0.0046037714476,0.00458726310815,0.00457211002944,0.00455796107979,0.00454648788426,0.00453697962655,0.00453038001799,0.00452411640041,0.00451947276189,0.00451590274031
bb2_1,0.323883828796,0.323975563264,0.324135393323,0.324310054554,0.324548688104,0.324801910933,0.324760571758,0.324734618686,0.324427678715,0.324119358162,0.323911467066,0.323794885365
aa2_1,0.0046391106061,0.00462039845384,0.0046037714476,0.00458726310815,0.00457211002944,0.00455796107979,0.00454648788426,0.00453697962655,0.00453038001799,0.00452411640041,0.00451947276189,0.00451590274031
