,0,1,2,3,4,5,6,7,8,9,10,11
ba3_2,0.00465554858236,0.00463922514789,0.00462851522588,0.0046201472799,0.00461433192232,0.00460858658803,0.00460319942619,0.00459757087815,0.00459307275836,0.00458847700059,0.00458507048546,0.00458202800679
ba2_1,0.386120047778,0.38563889127,0.383861225523,0.381626705592,0.378878503294,0.376548680223,0.374061540014,0.372085857667,0.37085063129,0.369275647141,0.368826980215,0.368841083333
ab2_1,0.00465554858236,0.00463922514789,0.00462851522588,0.0046201472799,0.00461433192232,0.00460858658803,0.00460319942619,0.00459757087815,0.00459307275836,0.00458847700059,0.00458507048546,0.00458202800679
bb3_2,0.00465554858236,0.00463922514789,0.00462851522588,0.0046201472799,0.00461433192232,0.00460858658803,0.00460319942619,0.00459757087815,0.00459307275836,0.00458847700059,0.00458507048546,0.00458202800679
bb3_1,0.335402542584,0.334774762962,0.334527033281,0.334598228973,0.334978315352,0.335392346091,0.335445903206,0.33554129438,0.335924189658,0.336370046908,0.336753493382,0.336908186096
ba3_1,0.00465554858236,0.00463922514789,0.00462851522588,0.0046201472799,0.00461433192232,0.00460858658803,0.00460319942619,0.00459757087815,0.00459307275836,0.00458847700059,0.00458507048546,0.00458202800679
aa3_1,0.00465554858236,0.00463922514789,0.00462851522588,0.0046201472799,0.00461433192232,0.00460858658803,0.00460319942619,0.00459757087815,0.00459307275836,0.00458847700059,0.00458507048546,0.00458202800679
aa3_2,0.00465554858236,0.00463922514789,0.00462851522588,0.0046201472799,0.00461433192232,0.00460858658803,0.00460319942619,0.00459757087815,0.00459307275836,0.00458847700059,0.00458507048546,0.00458202800679
ab3_1,0.00465554858236,0.00463922514789,0.00462851522588,0.0046201472799,0.00461433192232,0.00460858658803,0.00460319942619,0.00459757087815,0.00459307275836,0.00458847700059,0.00458507048546,0.00458202800679
ab3_2,0.236577472397,0.237833319437,0.239955104163,0.242193739916,0.244614194053,0.246581694394,0.249063761945,0.25099471005,0.251887524227,0.253058012945,0.253153892033,0.253012478509
bb2_1,0.00465554858236,0.00463922514789,0.00462851522588,0.0046201472799,0.00461433192232,0.00460858658803,0.00460319942619,0.00459757087815,0.00459307275836,0.00458847700059,0.00458507048546,0.00458202800679
aa2_1,0.00465554858236,0.00463922514789,0.00462851522588,0.0046201472799,0.00461433192232,0.00460858658803,0.00460319942619,0.00459757087815,0.00459307275836,0.00458847700059,0.00458507048546,0.00458202800679
