,0,1,2,3,4,5,6,7,8,9,10,11
ba3_2,0.00385205761225,0.00383642832101,0.00382569872482,0.0038154785376,0.00381732551556,0.00381947753581,0.00382321525165,0.00382605637593,0.003821057023,0.0038204514216,0.00381931776864,0.00381920906945
ba2_1,0.330122154143,0.32975834347,0.329714800326,0.329730193432,0.330243428928,0.3307796131,0.331339842121,0.331352799581,0.330657742397,0.330421300001,0.330267033122,0.330303140998
ab2_1,0.00385205761225,0.00383642832101,0.00382569872482,0.0038154785376,0.00381732551556,0.00381947753581,0.00382321525165,0.00382605637593,0.003821057023,0.0038204514216,0.00381931776864,0.00381920906945
bb3_2,0.00385205761225,0.00383642832101,0.00382569872482,0.0038154785376,0.00381732551556,0.00381947753581,0.00382321525165,0.00382605637593,0.003821057023,0.0038204514216,0.00381931776864,0.00381920906945
bb3_1,0.00385205761225,0.00383642832101,0.00382569872482,0.0038154785376,0.00381732551556,0.00381947753581,0.00382321525165,0.00382605637593,0.003821057023,0.0038204514216,0.00381931776864,0.00381920906945
ba3_1,0.321318709341,0.321205675618,0.321209383389,0.32123229774,0.321780990847,0.322352363317,0.322938670688,0.323510963936,0.323381459075,0.323517176501,0.323562292588,0.323682550316
aa3_1,0.00385205761225,0.00383642832101,0.00382569872482,0.0038154785376,0.00381732551556,0.00381947753581,0.00382321525165,0.00382605637593,0.003821057023,0.0038204514216,0.00381931776864,0.00381920906945
aa3_2,0.268329851961,0.269133046489,0.269300848042,0.269378703278,0.267754781307,0.266072235927,0.264343965216,0.263175588509,0.264194821394,0.264175582505,0.264275367489,0.264013566403
ab3_1,0.00385205761225,0.00383642832101,0.00382569872482,0.0038154785376,0.00381732551556,0.00381947753581,0.00382321525165,0.00382605637593,0.003821057023,0.0038204514216,0.00381931776864,0.00381920906945
ab3_2,0.0494128236574,0.0492115078545,0.0491693784444,0.0491349772479,0.0496821947939,0.050239967369,0.0507917999618,0.0513521969668,0.0511975209502,0.0513223296203,0.0513407646516,0.0514470697269
bb2_1,0.00385205761225,0.00383642832101,0.00382569872482,0.0038154785376,0.00381732551556,0.00381947753581,0.00382321525165,0.00382605637593,0.003821057023,0.0038204514216,0.00381931776864,0.00381920906945
aa2_1,0.00385205761225,0.00383642832101,0.00382569872482,0.0038154785376,0.00381732551556,0.00381947753581,0.00382321525165,0.00382605637593,0.003821057023,0.0038204514216,0.00381931776864,0.00381920906945
