,0,1,2,3,4,5,6,7,8,9,10,11
ba3_2,0.375366287567,0.375873756151,0.376374702748,0.376892941679,0.378072711571,0.37956048982,0.379826835942,0.380382701787,0.3806796626,0.380968802105,0.381265337794,0.381279324284
ba2_1,0.00864481354304,0.00861806279955,0.00859158470319,0.00856517033712,0.00854292521545,0.00852313338474,0.00850999542295,0.00849938054904,0.00849386728882,0.00848836697213,0.00848268321188,0.00848178217054
ab2_1,0.00864481354304,0.00861806279955,0.00859158470319,0.00856517033712,0.00854292521545,0.00852313338474,0.00850999542295,0.00849938054904,0.00849386728882,0.00848836697213,0.00848268321188,0.00848178217054
bb3_2,0.00864481354304,0.00861806279955,0.00859158470319,0.00856517033712,0.00854292521545,0.00852313338474,0.00850999542295,0.00849938054904,0.00849386728882,0.00848836697213,0.00848268321188,0.00848178217054
bb3_1,0.00864481354304,0.00861806279955,0.00859158470319,0.00856517033712,0.00854292521545,0.00852313338474,0.00850999542295,0.00849938054904,0.00849386728882,0.00848836697213,0.00848268321188,0.00848178217054
ba3_1,0.00864481354304,0.00861806279955,0.00859158470319,0.00856517033712,0.00854292521545,0.00852313338474,0.00850999542295,0.00849938054904,0.00849386728882,0.00848836697213,0.00848268321188,0.00848178217054
aa3_1,0.240226720228,0.239938515614,0.239653361759,0.239358578959,0.238480989977,0.23733174299,0.237181914745,0.236769367995,0.236550423582,0.236338749207,0.236122455078,0.236115588935
aa3_2,0.00864481354304,0.00861806279955,0.00859158470319,0.00856517033712,0.00854292521545,0.00852313338474,0.00850999542295,0.00849938054904,0.00849386728882,0.00848836697213,0.00848268321188,0.00848178217054
ab3_1,0.00864481354304,0.00861806279955,0.00859158470319,0.00856517033712,0.00854292521545,0.00852313338474,0.00850999542295,0.00849938054904,0.00849386728882,0.00848836697213,0.00848268321188,0.00848178217054
ab3_2,0.00864481354304,0.00861806279955,0.00859158470319,0.00856517033712,0.00854292521545,0.00852313338474,0.00850999542295,0.00849938054904,0.00849386728882,0.00848836697213,0.00848268321188,0.00848178217054
bb2_1,0.00864481354304,0.00861806279955,0.00859158470319,0.00856517033712,0.00854292521545,0.00852313338474,0.00850999542295,0.00849938054904,0.00849386728882,0.00848836697213,0.00848268321188,0.00848178217054
aa2_1,0.306603670318,0.306625163039,0.306647673164,0.306661946328,0.306559971512,0.306399566728,0.306401290506,0.306353505277,0.306325108219,0.306297145939,0.306268058221,0.306269047246
