,0,1,2,3
ab16_5,0.00963164800486,0.00948885327098,0.00940879192461,0.00925054169692
ab16_4,0.0103361362965,0.0101569054847,0.0103767781014,0.0105945284057
ab15_4,0.01059805548,0.0107057455484,0.011156509104,0.011558334933
ab15_5,0.00997944491532,0.0100567472687,0.0101418793799,0.0100413381583
bb11_2,0.00838124363322,0.00831693465683,0.00822676451207,0.00812068209649
bb11_6,0.00927583576748,0.00924342588019,0.00920400383407,0.00913462918355
ab14_5,0.00961435130711,0.00957072107927,0.00952129932875,0.00941090534423
ab14_4,0.0106373423072,0.0106276310573,0.0109014274627,0.0111648010478
bb2_1,0.00874596138082,0.00872111363562,0.00867204312697,0.00857703698236
ab13_4,0.00903992380585,0.00908485286235,0.00938632942261,0.00963469020122
ab13_5,0.00905813965076,0.00911044635905,0.00920660755073,0.0092547144124
bb15_6,0.00928096327842,0.0093365743475,0.00943265178749,0.00946546656678
bb10_2,0.00810082933945,0.00806341637496,0.00801246790174,0.00798039352633
bb10_6,0.00900802383061,0.0090367111245,0.00908673909417,0.00913701742367
ab10_5,0.0103192852908,0.0102687720422,0.0102216708965,0.0101616620793
ab10_4,0.0104178266513,0.0104821244219,0.0107835705268,0.0111258793742
bb9_1,0.00799477107974,0.00802152314995,0.00797475556842,0.00792593098736
ba4_1,0.0113218411427,0.0113893608872,0.011662884215,0.0118743463969
ba4_3,0.00997975565714,0.0100820104381,0.0103674061179,0.0105673702543
ba4_2,0.0120441887499,0.0121858403397,0.0125713688357,0.0128774269303
bb14_2,0.00843282286452,0.00838224555958,0.00831177482326,0.0082637404015
ba5_1,0.0110317100397,0.011016684147,0.0110000409305,0.0108281723558
ba5_2,0.0117640745907,0.0116978485756,0.0116183830345,0.0113743988815
ba5_3,0.00941331745537,0.00948585294398,0.00945983472523,0.00930099562225
ab11_4,0.0110732268854,0.0110319437901,0.0112507665539,0.0114370880407
ab11_5,0.00927757306185,0.00927856961739,0.00921471152647,0.00904630213502
bb6_2,0.00907019864151,0.00913292442553,0.00922764692521,0.00921162049237
ab8_5,0.0100731520438,0.0101806260622,0.0101411638275,0.00996443045156
ab9_4,0.0120276662482,0.012164258014,0.0125349308927,0.0129116969683
ab9_5,0.0106678453164,0.0107985055514,0.0107855378087,0.0106214285155
bb16_6,0.00905057909126,0.00893221139494,0.00893234760121,0.00889780996796
bb6_3,0.0083134669362,0.00832917654094,0.0082747703599,0.00819468999398
bb3_2,0.0075544703286,0.00759945988505,0.00752925525487,0.0074190435484
bb6_1,0.00887962871287,0.00891635704305,0.00898675871214,0.00896052682615
bb8_1,0.00832911846949,0.008380264518,0.00839241322523,0.0083737890412
ab6_5,0.0105250792572,0.0105756832257,0.0106406506596,0.0104652317133
ab6_4,0.0117817763127,0.0118409176213,0.0122367944911,0.0123054792211
bb14_6,0.0080388006488,0.00798654370248,0.00791944546619,0.00786374860825
bb9_6,0.00913919961033,0.00924615237337,0.00928025041999,0.00925226436852
bb15_9,0.00749860762775,0.00754626761471,0.00753340343689,0.00752351753681
bb9_3,0.00765050719868,0.00771262982746,0.00766624760674,0.00761894366811
bb9_2,0.00896767795106,0.00903603723634,0.00900664283401,0.00893770238832
ab7_4,0.00913415524106,0.00914654241263,0.00931059253981,0.00951484704959
ab7_5,0.00890001389889,0.00878954685477,0.00869956256754,0.00864183477714
bb8_6,0.0090059309816,0.00906041404895,0.00903356435002,0.00898031316594
ab8_4,0.0119257989351,0.0121258439658,0.0126093267732,0.0129732188036
bb15_1,0.00751574806333,0.00753505822951,0.00756049842579,0.0075739612697
bb9_8,0.00785447628005,0.00795161505593,0.00792735608123,0.00792340227725
bb8_2,0.00885945004104,0.00892876518124,0.00892522401841,0.00887584566933
bb15_2,0.00797348168843,0.00799426543248,0.00802282886102,0.00800862491338
