,0,1,2,3
bb12_7,0.00745069794594,0.00732075703623,0.0,0.0
aa16_1,0.0,0.0,0.00721963554489,0.00718775854293
aa16_3,0.00768083445013,0.00764655493652,0.00757928946902,0.00754825120417
aa16_8,0.00730829128852,0.00735618918507,0.00738187297284,0.0073299173632
aa16_9,0.00922410964314,0.00914507288278,0.0091043268382,0.00903151098007
ab12_2,0.0132083745726,0.0130763730296,0.0128630342329,0.0127859559738
ab13_10,0.0106283081907,0.0105067474799,0.0104281739777,0.0103604714821
ab13_11,0.0109724326357,0.0109853183199,0.0110762550783,0.0109809417431
aa11_9,0.00808731125719,0.0080734645305,0.00808618727706,0.00808974086577
aa11_8,0.00727748174081,0.00732247828031,0.0073992180604,0.00741815515074
aa11_3,0.00734742836565,0.00740659403662,0.00745196855902,0.00752411293439
aa11_1,0.00757679161722,0.00762908884684,0.0077536668887,0.00780247068716
aa10_9,0.00765222614839,0.00753224266844,0.00741092754211,0.00735461524022
ab13_4,0.00927967058719,0.00951160416399,0.00970127579845,0.00973755286793
ab13_5,0.00809145910337,0.00811685564544,0.00813271733747,0.00807097169466
ab13_2,0.0111108527091,0.0109389477326,0.0107224327855,0.0104011537833
ab13_3,0.0108668587067,0.0108563345744,0.0108230527505,0.0107779866267
ab12_9,0.0155131473215,0.0153119646828,0.0152655956523,0.0154963479001
ab13_1,0.0111670224609,0.0113246551102,0.0115830473268,0.0115213677053
ab12_7,0.00798147693601,0.00806756897612,0.00831758912459,0.00858534128125
ab12_6,0.00959288462664,0.00954615699546,0.00950108971045,0.00957800492907
ab12_5,0.011530250775,0.0115178578494,0.0116579604573,0.0119087090506
ab12_4,0.0112567886868,0.0113931989372,0.0115987327361,0.0119759711576
ab12_3,0.0133076691592,0.0132262150908,0.0130886275848,0.0133249214285
bb13_12,0.00869551824408,0.00866218635729,0.0086393834835,0.00861343786411
ab12_1,0.0138991613502,0.0140088820644,0.0143035920818,0.0146342118291
ab13_9,0.0124034763669,0.0123649230851,0.012437095182,0.0123391339129
ba16_13,0.0120784564161,0.0120581972399,0.012126153605,0.0118484319328
ba16_12,0.0143206636957,0.0142843321326,0.0143022115209,0.0143492501553
aa3_1,0.00717889335374,0.00721480720327,0.00727439108139,0.0073194779795
aa9_8,0.00766702091559,0.00771040227181,0.00772225724147,0.00769883192919
aa15_11,0.0081210497759,0.00819058187651,0.00826855096074,0.00833020715974
aa15_10,0.00720909716922,0.00718350249174,0.0,0.00713337687312
ab13_8,0.0100607543985,0.010241214277,0.0104518346049,0.0104216607997
ab12_11,0.0145915390305,0.0146472378157,0.0148574643446,0.0151723189329
ab12_10,0.0137407287372,0.0135835411001,0.0135013275547,0.0135786860875
aa9_3,0.00793263160662,0.00786689565221,0.00773855831715,0.00772565459312
aa9_2,0.00735782386,0.00729501358983,0.00719784065435,0.0
ba15_12,0.0146484302444,0.0148544137242,0.0149535340967,0.0152031282171
ba15_13,0.0116847162775,0.0118404601015,0.0118559521812,0.0118195382668
aa8_1,0.0,0.0,0.00715151640212,0.00717631445405
aa16_15,0.00773226217271,0.00775183280728,0.00771453272642,0.00764819354047
ba14_13,0.00941890143005,0.00951385323577,0.0095636621235,0.00939199357696
ba14_12,0.0119888050246,0.0119671328617,0.0119307232014,0.0120394237223
ab12_8,0.0136772187581,0.0137789605528,0.0139477392394,0.0141922251429
aa9_1,0.00873026894069,0.00874245177037,0.00879223815286,0.00881190151397
aa15_9,0.008747062737,0.00875329216835,0.00867984530623,0.00863705860681
aa15_8,0.00721880615588,0.00734284110671,0.00739702041422,0.00744041168401
aa15_3,0.00781278279627,0.0078597015648,0.00775147251333,0.00779221834436
aa15_1,0.00808967040957,0.008134208622,0.00822067496186,0.00829225471141
aa14_9,0.00761207771602,0.00762661280338,0.00762710833154,0.00759538138233
aa16_11,0.00832728650052,0.00830638572376,0.0083480918371,0.00833821290402
