,0,1,2,3
ab16_8,0.010752699322,0.0106294118379,0.0104079317204,0.0103857539984
bb12_3,0.00699152198222,0.00701016691983,0.00698765398756,0.00693745156116
ab16_14,0.00965306177479,0.00976740124035,0.00971626211511,0.00966462576947
bb13_3,0.00918700734162,0.00924388661967,0.00932883473001,0.00939057890588
bb13_2,0.00752758709065,0.0075489617235,0.0076298395883,0.00768721293812
ab16_4,0.00762141358726,0.00775056165044,0.0077017582446,0.0076787837851
ab15_4,0.0072568785584,0.00733471433911,0.00743035723632,0.00748908734098
ab16_11,0.0114152222205,0.0114236426762,0.0112815900077,0.0111912274112
ab16_10,0.0119708432907,0.0119375028888,0.0119181455195,0.0118259715479
ba10_3,0.0104827292559,0.0104963068773,0.0105972342122,0.01055022442
ab13_11,0.012136037724,0.0120034431092,0.0118585406432,0.0118176486865
ba10_1,0.00766854892305,0.00762702380221,0.00765858389925,0.00760716906055
aa11_8,0.00898828005161,0.00889424895503,0.00879196068364,0.00878030587081
aa11_6,0.00716532336498,0.0071398464775,0.00707012749111,0.00705215452967
aa11_4,0.00705075988055,0.00715286976871,0.00712685837715,0.00717940964108
ab15_8,0.00876537679954,0.00870106491056,0.00864795847953,0.00863099874156
bb15_13,0.0089726696813,0.00895947769449,0.00894107205543,0.00890948621424
aa10_8,0.00657932181269,0.0,0.0,0.0
ab13_6,0.00689391817805,0.0068539906663,0.00678069184678,0.00681317202832
ab13_4,0.0077445990966,0.00785941628832,0.00790633965526,0.00803442000654
ab12_8,0.00693777682057,0.00686235440943,0.00675244094629,0.00673385164299
aa14_10,0.00678525852251,0.00684151154197,0.00697623854004,0.00704210502891
ba11_5,0.00730714172037,0.00726672825762,0.00718729095657,0.00717019126736
ba11_2,0.00859811578115,0.00858377909552,0.00860298178959,0.00861791983166
ba11_3,0.0100109712153,0.00991059261536,0.00974766553057,0.00963423095459
ab13_8,0.00982278510424,0.00975213545195,0.00965034447697,0.00971641060034
ba10_2,0.00879336859099,0.0087628800572,0.00898868413056,0.00898431911446
bb13_12,0.00661523928161,0.00662966387457,0.00663803121084,0.00665678305102
ab15_14,0.00749060434286,0.00759352520616,0.00765988106698,0.00766513626456
ab15_10,0.0094885080007,0.00946226579603,0.00962713909766,0.00956039151098
ab16_6,0.0,0.00655728247861,0.0,0.0
ab12_10,0.0089001609607,0.00890311592752,0.00901792673745,0.00897341164221
ab12_11,0.00864504454507,0.00855049408629,0.00838886201415,0.00827055062366
bb16_12,0.00754220939825,0.00754222746967,0.00747950966588,0.00742639837774
bb16_13,0.00988560498132,0.00992512356728,0.00990305432633,0.00996243036217
aa8_6,0.00729366532127,0.00723064160502,0.00715092938469,0.00720121536939
bb16_15,0.00681149036288,0.00686335608982,0.00684122564909,0.00676469716053
bb16_2,0.00805311247803,0.00802261277979,0.00803922754902,0.00804246898253
bb16_3,0.00950515146161,0.00951665940786,0.00942101152712,0.00934633564878
ba10_5,0.00682419260624,0.00681589953331,0.00688540273034,0.00694108384866
ba14_13,0.0092793609567,0.00943587115046,0.00954057481396,0.00965175269876
aa10_4,0.00660508407433,0.00659490615484,0.00668441608804,0.00669731355391
ba14_3,0.00729583084109,0.00739649854038,0.00749317604187,0.00750659063572
ba14_2,0.0,0.0,0.0066084829905,0.00665282477974
ab15_11,0.0103954103146,0.0102836807465,0.0101973692416,0.0100622239214
ba8_3,0.0089317770137,0.00881689185071,0.00867100542073,0.00865354424618
ab13_10,0.0115952953588,0.0115438190845,0.0117327030647,0.0117928656976
aa14_8,0.00754772309981,0.00762160251815,0.00766104712156,0.00771175135671
bb15_2,0.0070395388546,0.00702322828473,0.00710293760176,0.00710451853296
aa10_6,0.00686789985645,0.00674857253192,0.0067566085201,0.00680545214966
bb15_3,0.00694097657085,0.00700654843012,0.00706792871082,0.0070651217274
ba8_2,0.00761906641398,0.00754234193644,0.00753534458978,0.00755687278246
