,0,1,2,3
bb12_6,0.00831892812665,0.00832518682133,0.00834296202767,0.00835889119167
bb12_7,0.0087235826199,0.00857351038497,0.008711047062,0.00872131157353
bb13_7,0.00876474801173,0.00875112257726,0.00883975295559,0.00892079284497
bb13_6,0.00831583713219,0.0083147323509,0.00831524907654,0.00832042146637
bb13_5,0.00830174882689,0.00831771721667,0.00834932289189,0.00837795715638
bb13_1,0.0,0.0,0.0,0.00827585441782
bb15_7,0.00918348133749,0.00919131651003,0.00924460962532,0.00928719139001
bb3_1,0.00861328046748,0.00861886025387,0.00854197377365,0.00847048815397
bb15_6,0.00897146097665,0.00889349966134,0.00873670746538,0.0086330885431
bb10_6,0.00860971392976,0.00852357023618,0.00840489204721,0.00833499668111
bb11_7,0.0,0.0,0.00822173526487,0.00828380109282
bb13_10,0.0,0.00823776936221,0.00825708832714,0.00827613428606
bb16_12,0.00832220004869,0.00832612666728,0.00834771032495,0.0083665215397
bb15_12,0.00832259816533,0.0083286646176,0.0083483369121,0.00836484339918
bb10_3,0.00850101755132,0.00838849818547,0.00823327980641,0.0
bb10_4,0.00847754408475,0.00844384914868,0.00838552381901,0.00832935559991
bb13_12,0.0,0.0,0.00828766507367,0.00834721490269
bb14_10,0.00830801626953,0.00827392747356,0.00824177388483,0.00822294927337
bb10_7,0.00876710977004,0.00877485835354,0.00879950013443,0.00882272559842
bb14_7,0.00864164943395,0.00864415397691,0.00871117716833,0.00874203691397
bb15_9,0.00831070633433,0.00826391541892,0.0,0.0
bb16_8,0.0,0.0,0.0,0.00820026258286
bb7_2,0.00828435296802,0.00835964458268,0.0085355514158,0.00866869838298
bb4_1,0.00852332568389,0.00855748142736,0.00853953231691,0.00849131209525
bb4_3,0.00863223818229,0.00855965510384,0.00829659722982,0.0
bb15_4,0.00875062962812,0.00873331337586,0.00861107237209,0.00850785496926
bb15_10,0.00859454417567,0.00855666001566,0.00852733036611,0.0085175443825
bb15_13,0.00826868691703,0.00827360191684,0.00829053661632,0.00830810995554
bb16_13,0.00827384133102,0.00828158838622,0.00830341493194,0.00832428694843
bb16_14,0.00836717654181,0.00833028152157,0.00829763716024,0.00827669160602
bb16_15,0.00849307735228,0.00846107856547,0.00843558752062,0.0084207645603
bb16_7,0.00897345126027,0.0089667184172,0.00897997421723,0.008993351983
bb16_3,0.0084793026451,0.00838577880103,0.00826159795051,0.00818309269731
bb6_4,0.00872175604283,0.00868312697735,0.00845516735382,0.00831989805434
bb6_5,0.00841894526342,0.00840401581316,0.00833723510391,0.00829945895555
bb16_6,0.00855551079554,0.00850357302145,0.00842196617827,0.00836030272521
bb6_3,0.00836980156926,0.00830534844983,0.0,0.0
bb16_4,0.00857525994712,0.00855186386063,0.00850599669038,0.00846797545001
bb6_1,0.00836750204686,0.0083700070641,0.0083110686168,0.00824941691057
bb5_1,0.0,0.0,0.00824648507146,0.00830814013038
bb15_14,0.00841937047186,0.00838998742611,0.00835008903762,0.00832315117018
bb16_5,0.00825239018866,0.00825681883483,0.00825103709567,0.00824290330587
bb15_3,0.00860733193789,0.00857640349643,0.0085114339326,0.00846363568651
bb7_4,0.00881985768614,0.00883061377062,0.00884246366737,0.008819067233
bb14_4,0.00841697246197,0.00839947589877,0.00830198136014,0.00819982807692
bb9_7,0.00864579444407,0.00863007126123,0.00862617759772,0.00863356402147
bb9_6,0.00828783405362,0.00822213273995,0.0,0.0
bb12_10,0.00827375423162,0.00827752841407,0.00829616890605,0.00831296766134
bb15_8,0.0,0.0,0.0082576920898,0.00828813535419
bb9_3,0.00829414594432,0.0,0.0,0.0
bb15_5,0.00849677253612,0.00850546211622,0.00851784844626,0.00853363248847
bb14_6,0.00862093057605,0.00854075268366,0.008407951303,0.00832257429365
bb7_5,0.00864177349437,0.00866339530927,0.00872893306903,0.00878811186288
bb8_7,0.00840917692908,0.00847911755662,0.00864916961252,0.00867933704157
bb7_3,0.00885107501118,0.00881129996245,0.00877782134507,0.00875785012625
bb5_3,0.00823913137892,0.00822120104223,0.0,0.0
bb7_1,0.00880124711717,0.00883640280042,0.00894556734498,0.0090040797318
