,0,1,2,3
bb5_2,0.00828894960457,0.00832791933616,0.00828593745666,0.00836035840364
aa13_12,0.0100180473389,0.0100856953038,0.01017731567,0.0102946834684
ba15_1,0.00672085082839,0.00670128512466,0.00671243432133,0.00662813463848
ba12_11,0.0119382867739,0.0119489057904,0.0119412635684,0.0119376054472
ba12_10,0.0128428693709,0.0130324597065,0.0132727573869,0.0135835490463
ab16_13,0.0123034823032,0.0123178442152,0.0121629243486,0.0120615049868
ab16_12,0.0113622626871,0.011396740125,0.0113043076386,0.0112945348333
bb11_2,0.00781514855974,0.00768828113529,0.00754568615896,0.00744111564755
bb11_5,0.00896841218222,0.00902162415712,0.00901534909414,0.00898837986083
bb11_4,0.00660542168592,0.00659975034605,0.00662664882572,0.00663099430149
bb11_9,0.00730566789048,0.00721119947813,0.00715178612823,0.00707724207253
bb2_1,0.00869413036875,0.00861710657323,0.00854911710173,0.00856487192731
bb10_9,0.00787159791872,0.00784256862318,0.00781453246838,0.00777687393336
ba13_1,0.01353979564,0.0135761371341,0.013637569439,0.0136774344099
bb10_1,0.00833303866429,0.00833033834551,0.00833921045971,0.00829279278948
bb10_2,0.00740682884648,0.00733210301548,0.00724548722248,0.00720402489479
bb10_5,0.00881451804354,0.00889933712369,0.00897422483545,0.00902893724332
ba12_9,0.012099560528,0.0122052882154,0.0123388798288,0.0124269654656
ba12_8,0.00882056054345,0.00906518301694,0.00916287851469,0.00925129066816
ba13_2,0.0125598452759,0.0125481526452,0.0124674984493,0.0125863270794
ba13_3,0.00770873701252,0.00769644807886,0.0075941056001,0.00757359899496
ba13_4,0.0101869432662,0.0103096776264,0.0104621054717,0.0105702176937
ba13_5,0.0129677779545,0.0132310849824,0.0135018968392,0.0137233351934
ba12_1,0.0126891412844,0.0128543411459,0.0131069374962,0.0132637279139
ba13_9,0.0126114358152,0.0126361879548,0.0127014603245,0.0127996893656
ba12_3,0.00741331686921,0.00749237921192,0.00738994745217,0.00746107365232
ba12_2,0.0119172493551,0.0118992808702,0.0118888845804,0.0121273962126
ba12_5,0.012910652281,0.0133273504764,0.0136032575477,0.0139850391845
ba12_4,0.0112887693523,0.0114449589295,0.0114935510007,0.0115776886151
ab15_12,0.00718198304797,0.00731149892094,0.00741497180211,0.00766424326289
ab15_13,0.00729254379641,0.0074402754598,0.00755530570397,0.00771282389567
ba13_8,0.00936463101821,0.00948019636006,0.00957575127191,0.00959800119933
ba13_10,0.0133383860217,0.0134167451972,0.0134969054045,0.0135730221378
ba13_11,0.0121820255027,0.0121849278415,0.0121351422658,0.0120870300244
bb16_10,0.00763387145449,0.00756102676355,0.0074648560954,0.00740003604577
bb16_11,0.0070575103293,0.00698458668423,0.00689087808609,0.00680711840934
bb16_2,0.00791419927912,0.00783322975714,0.00772531450536,0.00770959676419
bb11_1,0.00761647512425,0.00756174556225,0.00753419518437,0.00748843689121
bb16_1,0.0080695676766,0.00801942639149,0.00797345834549,0.007932673329
aa13_7,0.00675701955882,0.00664459219882,0.0064772725324,0.0
bb16_5,0.00874959684412,0.00877792700203,0.00875160417355,0.00878520801084
bb5_1,0.00870074537893,0.00881310062551,0.00896375271778,0.00907184756923
bb16_9,0.00764324249276,0.0075569266061,0.00746789016305,0.00743639477493
bb4_2,0.0,0.0,0.0,0.00647001471433
bb9_5,0.00835324905488,0.00837300398735,0.0084133778495,0.00847284297227
bb9_4,0.0064764236931,0.00644886142941,0.00643236253913,0.0
bb9_1,0.0086911138462,0.00868596329133,0.0087048966521,0.00871911753086
bb11_10,0.00730400316066,0.00724842876607,0.00720252880132,0.0071143815116
bb9_2,0.00766077969373,0.00755157966766,0.00745340676939,0.00744149185921
ab14_13,0.00770610412982,0.00786435224519,0.00805006287248,0.00819330070319
ab14_12,0.0,0.00654881620405,0.00670590827984,0.00685625868272
aa12_6,0.0,0.0,0.0,0.00646275371183
aa12_7,0.00643456780421,0.0,0.0,0.0
