,0,1,2,3
ba16_7,0.0105092119316,0.0105013562162,0.0101749572285,0.0099569500909
ba16_6,0.0100362614129,0.010047473913,0.0100910709437,0.0101125101021
aa13_10,0.00806329260004,0.0,0.0,0.0
ba16_3,0.00808731919758,0.00815365474969,0.00824197499824,0.00824674730389
ba15_3,0.00848068017631,0.00849668455254,0.00852537455956,0.0085326264951
aa12_10,0.00849648123535,0.00850142517279,0.00851054881307,0.0085360741146
aa12_11,0.0,0.00803199614632,0.00817798318481,0.00826373114394
ba15_6,0.0106044673974,0.0106154578173,0.0106736038894,0.0107547170307
ba15_7,0.0116522867948,0.0115185617259,0.0111089088172,0.0108889671801
ba10_7,0.0116495417645,0.0114889407038,0.011025255515,0.0107712077482
ba10_6,0.0110542794404,0.0110541705599,0.011078029745,0.0111587148024
ba10_3,0.0098874737964,0.00981895121024,0.00975253141604,0.00975836920216
aa10_1,0.00897003015081,0.00887602381244,0.00882163136413,0.00883505997246
aa11_1,0.00825535691835,0.00829910155011,0.00840607338383,0.00847991977412
ba11_6,0.0105538599331,0.0105744685067,0.0107530010414,0.0108806738304
ab6_5,0.00877753813244,0.00887456135521,0.00927004563528,0.00948353535553
ab6_4,0.0,0.00812062997141,0.00839414165889,0.0084860161781
aa14_10,0.00825720275674,0.00821789534964,0.00814375003725,0.00807357936451
ba11_7,0.0105183757383,0.0105747857043,0.010369358906,0.0102475631413
aa14_12,0.00797739832919,0.00800748738006,0.00803269767151,0.00799640093695
ba11_3,0.00862453748929,0.00861892976261,0.00863355381091,0.00863144169818
ba13_3,0.00875680561154,0.00869424912624,0.00863185312958,0.00870617231348
ab7_2,0.00958613476761,0.00950197037349,0.00908943792929,0.00886417356929
ba13_6,0.00978143686986,0.00978555613107,0.00983825496411,0.00991729766954
ba13_7,0.0107682841999,0.0107068962012,0.0102922863345,0.0101508419385
ba14_7,0.0111924950477,0.011106025735,0.0107604488579,0.0104991036211
ba12_3,0.00800620857214,0.00808044685423,0.00821455207087,0.00833670350944
aa10_9,0.00857226601767,0.0084782891444,0.00844245225532,0.00845237617883
ba12_7,0.011522383072,0.0115008871498,0.011307928038,0.0111239384619
ba12_6,0.0100533558128,0.0100682366274,0.0101642866277,0.0102449361838
aa15_10,0.00900882702206,0.00895274068572,0.00891071490104,0.00894641525839
aa9_1,0.00822789791359,0.00818669081761,0.00820914534583,0.00823512187515
ab7_5,0.00966666708587,0.00977059456709,0.00980588654334,0.00981929959066
ab3_1,0.00843455459058,0.00838891937351,0.00841710722093,0.00846519736302
ab3_2,0.00894577743106,0.00885478378866,0.00875071739976,0.00882867022098
ba9_6,0.0108347823006,0.0108274749989,0.010945071454,0.0110707125102
ba9_7,0.0112616438633,0.0111396480484,0.0109904955321,0.0108696899838
ba9_3,0.00889931240273,0.00880664871041,0.00890259280544,0.0089853841151
ba14_3,0.00853307396291,0.00859907386812,0.00862600586426,0.00849437628129
aa12_9,0.0080156460296,0.00800838981594,0.00805558652499,0.0080972694794
aa15_9,0.00825558071866,0.00821607259223,0.00822727942633,0.00825759088616
aa14_1,0.00798221841385,0.0,0.0,0.0
ab6_1,0.0104568745693,0.0104606864251,0.0105818248381,0.0106814906664
ba14_6,0.0104935543404,0.0105490985597,0.0106532125764,0.0106319360028
ab6_2,0.00877314369756,0.00875761665555,0.00875876309468,0.00880977131461
ab7_4,0.00902312413717,0.00912576936002,0.00901338576715,0.00890065337916
aa12_1,0.00808530658516,0.00809830707882,0.00814812393644,0.00817887899929
ba8_7,0.0104083725018,0.010417535766,0.0101589553694,0.0100202029284
ba8_6,0.00960133006889,0.00964773510133,0.00976295660459,0.00980722246829
ab7_1,0.0115496145962,0.0114500114991,0.0111959295721,0.0110167451659
ba8_3,0.00799938058471,0.00805523821224,0.00811037493097,0.00813769684562
aa11_10,0.00858973156971,0.00860131936454,0.0086190844827,0.00863731557127
