,0,1,2,3
aa16_6,0.00695762175899,0.00691822862974,0.00688953641706,0.00694959762275
ba16_3,0.00637555594009,0.00650854680751,0.0066212091066,0.00679358857173
ba15_3,0.0084051363595,0.00845144251013,0.00849716055888,0.00854136214762
bb11_3,0.00902035120025,0.00919130008732,0.00934568286976,0.00951033302766
ab16_14,0.00688471800517,0.00684758483868,0.00686767231961,0.00674703925003
aa6_4,0.00836909920443,0.0082623274351,0.00811826171472,0.00804784123791
aa6_5,0.00709581027391,0.00696956859768,0.00687067960939,0.00681896938534
ab10_1,0.00909205103814,0.0092659403674,0.00935053515545,0.00950231952742
ab12_6,0.00640017767187,0.00633541384165,0.0,0.0
bb10_3,0.00751831574468,0.00776269977997,0.007910421333,0.00802109510293
ba16_11,0.0108449042604,0.0108209036651,0.0108127768332,0.0108356166938
ba16_10,0.0117577075037,0.0119084987091,0.0119736775239,0.0119842311073
ab10_2,0.0077489787358,0.00789684023939,0.00817617362146,0.00844657956657
ab10_5,0.0107132117801,0.0107261306803,0.0109119676409,0.0110003419543
ab10_4,0.0110521070357,0.0111691714868,0.0111327030978,0.011002852425
ab10_7,0.00844281017262,0.00865529244692,0.00877762691228,0.00892737031378
ab10_6,0.012443692774,0.0124367865023,0.012341812366,0.0123232226359
ab10_9,0.00662455662623,0.00663908470107,0.00673360884297,0.00688054189446
aa14_6,0.0146411461095,0.0143985089863,0.0141217949196,0.0139251826421
bb11_10,0.00930414468686,0.00939764808751,0.00958959497016,0.00958773207113
ab11_9,0.00676932857119,0.00667729111788,0.00670539805435,0.00678906461562
aa15_14,0.010270280152,0.0101422667565,0.00999188855853,0.00984971994631
ab11_1,0.00891429597881,0.00892210545958,0.008819136342,0.00873746630691
ab11_2,0.00822786981458,0.00834218296462,0.00847923326871,0.00856570600118
ba5_3,0.0,0.0,0.00639961551351,0.00645420247915
ab11_4,0.0118216074258,0.0116595831845,0.0114852552982,0.0112579705042
ab11_5,0.0103476254684,0.0101110052817,0.0100091501402,0.00980276833932
ab11_6,0.0136488929437,0.0134330609834,0.0132595493035,0.0131328182368
ab11_7,0.00874825234615,0.00886599076091,0.00897953859852,0.00909602710682
ba15_10,0.0128345467667,0.0128880452659,0.012914080756,0.0127919182912
ba15_11,0.0136368757806,0.0135017058194,0.0133968648541,0.0131653742235
ba6_3,0.00746715208333,0.00756605697629,0.0076211430411,0.00778590653946
ba14_9,0.00918114055053,0.00920564201208,0.00913123367942,0.00895586799055
ba7_3,0.00639575888303,0.00655743425089,0.00668912208578,0.00689452850012
ba14_13,0.00894654179173,0.00900492828917,0.0091068543381,0.00907384548412
ba14_12,0.0112057410143,0.0110891538781,0.0109424839812,0.0108654259485
ba14_11,0.0211949222737,0.0208865818238,0.0207293606957,0.0202279412941
ba14_10,0.0196924737702,0.019721643772,0.0197356929299,0.0192718550927
aa14_7,0.00960209829851,0.00986810500092,0.0100202723263,0.0100664320053
aa14_2,0.00802805900222,0.00817404718205,0.00835454993743,0.00844081374558
ba14_1,0.00908083018927,0.00899621872075,0.00913732523964,0.0090143635596
bb12_10,0.00786161285494,0.00788020805544,0.00781036477198,0.00790458431355
bb12_11,0.00766189071319,0.00752106497495,0.00739059504949,0.00737727789494
aa14_4,0.0114627075375,0.0114130785125,0.0113051813206,0.0110135347419
aa14_5,0.0120743395166,0.0118452812204,0.0116909982149,0.0114112194053
ba14_3,0.0128449216434,0.0130761846375,0.0132380299844,0.0133744087487
aa16_14,0.00776893743666,0.00777268735005,0.00776399380148,0.00778654188906
ba14_8,0.0102195794567,0.0100646630483,0.00996882286651,0.00982586871867
aa15_6,0.00953166928812,0.00941727839511,0.00929946812188,0.00921661778197
aa15_5,0.00810303709677,0.00796630326472,0.00792314215631,0.00787421023507
aa15_4,0.00792674126842,0.00785188182387,0.00769061918735,0.00750468123785
