,0,1,2,3
ba12_11,0.00921066801728,0.0092327768013,0.0092868950767,0.00933749908185
ab16_6,0.0089557897486,0.00897149867825,0.00899151316202,0.00903433387493
ab16_5,0.00953172387506,0.00951889001878,0.00950521138633,0.00944538090079
ab16_4,0.00811416202284,0.00807152040786,0.00805058821976,0.0079972322377
ab15_4,0.0108285335712,0.010989617722,0.011216309475,0.0114051210542
ab15_5,0.0118439568224,0.0120050397103,0.0122380342339,0.01239814366
ab15_6,0.0117113799143,0.0119067490783,0.0121458266219,0.0123776640399
ab15_7,0.0118766383862,0.0120373182201,0.0121823026398,0.0122427444851
aa7_5,0.00987609163989,0.00991695925506,0.00994390245966,0.00987858011064
aa7_4,0.00779924532577,0.00777560019403,0.00773197026752,0.00765401464687
ab15_2,0.00815097028422,0.00825987364373,0.00841282219588,0.00860752038255
aa7_6,0.00788317740903,0.007897720132,0.00788573744216,0.00784923804084
ab15_12,0.011192539891,0.0113882236184,0.0116023990091,0.0117373710783
ab14_6,0.00793627682608,0.00795037304085,0.007954502847,0.00805080506825
aa6_4,0.00893215217163,0.00897833532094,0.00902992675365,0.00913394027831
aa6_5,0.0105712834151,0.0105853054221,0.0106260697053,0.0106747776028
aa5_4,0.00795050460693,0.00796324454058,0.00798528050193,0.00799464269408
bb16_15,0.0083880997224,0.00837667011831,0.00833687346494,0.00826432776433
ab10_5,0.00863679780473,0.00857743780572,0.00856045114717,0.00855965555201
ab10_7,0.00779382441249,0.00777963445813,0.00776180581234,0.00768534261812
ab10_6,0.00858963204351,0.00858324211937,0.00861381108283,0.008656154415
ba13_9,0.007640357333,0.00766242774173,0.0,0.0
ab16_7,0.00914482407666,0.00916800945091,0.00911986277373,0.00899150001321
ab11_4,0.00788754792687,0.00782000179023,0.00776591804713,0.00774430724732
ab11_5,0.00970721337044,0.00966379306699,0.00965475622286,0.00963488340077
ab11_6,0.00913142126591,0.00913253848248,0.00916383867648,0.00923005898063
ba12_10,0.00875009087338,0.00872063235128,0.00877429080148,0.00876305844737
ba13_10,0.00874962566714,0.00878295752217,0.00876494436604,0.00874305246459
ba13_11,0.00871386358937,0.008727006509,0.00862291585042,0.00854567011636
bb15_11,0.00971414803114,0.00973802247125,0.00975010379876,0.00978679577848
bb16_11,0.00786713964824,0.00781939386459,0.00778271047871,0.00771541456324
ab11_7,0.00867388028584,0.00866123816694,0.00859846928296,0.00851172175421
bb15_14,0.00809608817379,0.0081236067694,0.00815229390814,0.00819086791223
ab9_6,0.0,0.00763157212864,0.00766169350543,0.0077033735758
ab16_13,0.00809998952945,0.00816729087593,0.00810076329596,0.00804212298073
ab9_5,0.00812133197489,0.00808838517633,0.00809253654396,0.00806651193834
aa13_5,0.00925799429613,0.00932169678885,0.00927430279857,0.00918416795237
aa13_4,0.00785395124964,0.0079308705437,0.0079201561176,0.00790422850693
aa13_7,0.0078903131028,0.00804542495907,0.00809223156727,0.00808053417439
ab16_12,0.00857617631197,0.00854825475792,0.00850681535535,0.00840576612436
aa13_6,0.00905391688864,0.00914428124949,0.00918268618164,0.00929553051908
ab15_13,0.0116595913513,0.0118710695478,0.011940077278,0.0120422713362
bb15_10,0.00962843903342,0.00966326471743,0.00976221992843,0.00985772042437
bb15_9,0.00862900888644,0.00870976495294,0.00875729144119,0.00875205009121
bb15_8,0.00835511579499,0.00833099533294,0.00838288496666,0.00841575079048
ab8_7,0.00791195352194,0.0078768923505,0.00789822077664,0.00786232891447
ab8_5,0.00763893827396,0.0,0.0076626181297,0.00766133089805
aa12_4,0.00856057856121,0.00860920289739,0.00865308731721,0.0086602599937
aa12_5,0.00912569563673,0.00917550161221,0.00918670944357,0.00917076803713
aa12_6,0.00976551376899,0.00986475690004,0.00999473981337,0.0101027911929
aa12_7,0.00911019497664,0.0091608209815,0.00911578103749,0.00898895400604
