4.098046020463223110e-02 5.118773379717660860e-02 4.387789637805635662e-02 3.557753481522905187e-02
1.247051240494495561e-01 1.125424517089756576e-01 1.358101939670217362e-01 1.670821496180288634e-01
2.238368190162468366e-02 3.202793055782171550e-02 4.077586827498174554e-02 2.441761625046330944e-02
3.790273447359562148e-02 4.062612436985542363e-02 4.151862523126650939e-02 2.964475622603456040e-02
4.482267649603561416e-02 4.094068334214399918e-02 3.631333836965055378e-02 4.367731709512210486e-02
6.224758923859134707e-02 3.455626779148204819e-02 3.948387056045826737e-02 4.732941334485127327e-02
3.890455192145163971e-02 4.737277397106832988e-02 6.550980672160619522e-02 6.936350903978506788e-02
3.261473353211928605e-02 2.418478433494703969e-02 3.577017560070913649e-02 2.516620538159474244e-02
3.463806067892256924e-02 3.997942461418169807e-02 3.090131980293877451e-02 2.978560252027929317e-02
3.766126912089517303e-02 3.667126543923931309e-02 2.289208090760790765e-02 2.637655202315984312e-02
4.081822631301875587e-02 5.121593883228974659e-02 3.869766107104097297e-02 3.841521129251769529e-02
7.452499128565640008e-02 8.366634684706286684e-02 5.176758497293495326e-02 5.049081469000667177e-02
1.387915077755921267e-01 1.567213646613929423e-01 1.125836608671963585e-01 1.007149066333445642e-01
5.299760233775245577e-02 5.248792624508203525e-02 7.141510447007488882e-02 8.697224081239880722e-02
3.384207650739547157e-02 2.413348720835680958e-02 5.260903909109686249e-02 4.927786898567728530e-02
3.398291042350064239e-02 2.535138432211831924e-02 4.241603884054697543e-02 4.743081350445312039e-02
3.408109791476700984e-02 3.639121484491537883e-02 3.000189242539799683e-02 3.046996326144944117e-02
3.100656000171130369e-02 2.012509241419796480e-02 2.503376538353295488e-02 2.717461313444318946e-02
4.183667108789843048e-02 4.654052111937085484e-02 4.483235277460804330e-02 3.630576245758052045e-02
4.125747473539117388e-02 4.327728357832170969e-02 3.778972428927415000e-02 3.432714891358118470e-02
