3.524323881595363417e-02 2.225400626590089484e-02 2.564275015689751816e-02 3.428053059944688452e-02
2.681483510646858609e-02 2.252542866166925076e-02 4.239459743742509529e-02 5.168681355137202255e-02
4.019139562816278349e-02 3.148103274407998420e-02 3.144447034651215445e-02 3.018685240283240298e-02
1.104280516771392329e-01 9.448404924169412356e-02 1.348419457205954353e-01 1.419440288612392465e-01
5.813316598292246618e-02 6.287873380523477385e-02 5.336815368624984318e-02 3.896625542800198627e-02
4.282214232429819994e-02 3.956998954403709995e-02 5.883154190491329816e-02 5.411879431869471430e-02
4.204522602022492395e-02 3.744188215331917952e-02 3.703123991009809463e-02 3.702207375734338501e-02
3.181781384488525238e-02 3.857414710555585879e-02 4.315881978654194373e-02 3.646961912394014460e-02
6.131361714916502836e-02 6.437652793736331480e-02 4.937081983871315777e-02 3.857442754800760598e-02
3.578000833457668783e-02 3.346116173965434787e-02 4.242679356296510940e-02 5.484865778946627218e-02
5.057787247522169127e-02 3.942482060415981870e-02 4.262474201873626273e-02 5.071923577615132517e-02
3.976964983659220243e-02 3.361464456439441223e-02 2.566302898185396364e-02 2.645986643980013236e-02
3.576853837237372463e-02 3.147614920330608218e-02 2.457482160480869288e-02 2.752517920610560165e-02
4.177371178045674593e-02 5.499489303214897401e-02 4.026779395954716012e-02 3.417608897910636573e-02
4.271700976036500036e-02 3.859742183221905737e-02 2.302902329717418026e-02 4.756196487452152982e-02
3.097819106502907455e-02 3.834043504335526986e-02 2.962638305096255975e-02 3.076473477799874373e-02
3.268221755538125439e-02 3.563000313729820095e-02 4.589941734278325108e-02 3.428626678174950121e-02
1.379972163702921084e-01 1.679505312786583882e-01 1.128329318533670134e-01 8.291469879398598308e-02
6.106259621342493421e-02 5.262658187005519322e-02 7.530661352141802822e-02 9.692165045064368711e-02
4.208350168706850164e-02 6.029756023589726011e-02 6.166411201843827183e-02 5.057226053959341244e-02
