,0,1,2,3
aa16_4,0.00802045549948,0.00804558624636,0.00807974018411,0.00809617105344
aa16_5,0.00782003394328,0.00789410118518,0.00789481967807,0.00789126166285
ba16_6,0.0113005672751,0.0112144607513,0.0111069492805,0.0110093107122
aa16_2,0.0107854543306,0.0108534189092,0.0108597161098,0.0108668367522
aa16_3,0.00922218159879,0.00923114050989,0.00921805254926,0.00915520558442
ba12_11,0.0105016663051,0.0102889724485,0.00993711940687,0.00975421336899
ab14_9,0.0081426367213,0.00816978738848,0.00829116223853,0.00846848398045
ab14_8,0.0101729983016,0.010290986529,0.0104597780293,0.0107986473173
bb11_6,0.00927523470913,0.00913471274631,0.00877301464645,0.0086619792283
ab14_5,0.00909043974739,0.0091969209778,0.00933351448227,0.00956651685203
ab14_4,0.00863992911194,0.00868428110843,0.00883594682626,0.00901265168891
ab14_7,0.0,0.00766984740763,0.0078085500946,0.00795465311686
aa12_3,0.00882044806268,0.0088124780818,0.0088567507797,0.00880096037315
ab14_1,0.0103815553851,0.0104514022184,0.0105734192647,0.0107460963085
ab14_3,0.00984087931447,0.00997320454418,0.0101523230937,0.0102758292486
ab14_2,0.0117817303545,0.0118673978138,0.0119236828751,0.0121527990152
aa5_2,0.00787326557569,0.00787974797262,0.00785281597704,0.00790994759107
aa4_2,0.00875967837752,0.00868901071075,0.00863543318144,0.00863305463251
aa4_3,0.00804666302892,0.00798555306873,0.0079945920903,0.00797956342552
ba16_11,0.0108622163573,0.0108573860626,0.0105074246387,0.010369587568
ba16_10,0.00866629669347,0.00879001996782,0.008949032124,0.00874703588394
ab14_12,0.00999407319139,0.0101412404757,0.0103628269519,0.0105038147431
ab10_2,0.00772456618659,0.00777890837579,0.00784332209004,0.00776547409262
ba16_14,0.0130683234944,0.0133500619729,0.0135283171732,0.0137324864304
ba13_6,0.00819401226831,0.00815067440253,0.00816505308439,0.00814036077709
aa3_2,0.00883820364879,0.00880029679298,0.00875701088528,0.00868751385891
aa2_1,0.00852736460923,0.00853667023198,0.00852543074543,0.00856896047762
ba12_6,0.0098413111618,0.0097517584468,0.00970510721312,0.00961843451969
ab11_8,0.00767260442248,0.0,0.0,0.0
ab11_1,0.00874555110701,0.00865376983983,0.00837959091928,0.00823779196604
ab11_2,0.00922592019952,0.00908763336259,0.00873055689979,0.00860434691966
ab11_3,0.00863404712286,0.00851128988386,0.00823493870072,0.00808569782879
ba15_11,0.00862470723782,0.0084119864347,0.00814007654292,0.00798359075929
ba13_11,0.00867038978601,0.00857187478751,0.00835125540073,0.00827848140985
ba15_14,0.00943375049665,0.00950479279003,0.00966463921582,0.00975900909725
ba15_6,0.00870456736713,0.00853069024454,0.00836705804416,0.00819770154032
ba7_6,0.00853441668513,0.00850379445864,0.0085784983342,0.00865168340806
ab14_13,0.00944861626548,0.00965965652699,0.00991834080197,0.0101402690449
aa13_2,0.00790314132636,0.00795153151415,0.00800269251464,0.00805189759872
aa16_12,0.0108619761506,0.0109643391422,0.0110738512531,0.0110359819058
ab6_5,0.00819736288865,0.0082155487264,0.00823270406501,0.00825513076513
ab6_4,0.00946766062211,0.00941117413332,0.00941884797114,0.00941138051973
bb14_6,0.00881953246725,0.00882877361768,0.00884935120794,0.00900421854429
ab6_1,0.00989227631222,0.00975599459229,0.00962809983462,0.00961653250639
ab6_3,0.00932903215685,0.00918518418244,0.00906581515811,0.00896097489626
ab6_2,0.0111228658058,0.0109250822677,0.0107085120183,0.0106674315048
aa12_1,0.00852643443015,0.00852346824852,0.00852085310671,0.00849830214245
aa12_2,0.00957440272662,0.00954660255353,0.00953334981315,0.00947262492793
ba8_6,0.00818188149756,0.00813015956547,0.008094579809,0.00813108431167
aa12_4,0.00792127952501,0.00789582670795,0.00791381128603,0.00788818488971
aa16_13,0.00839992127343,0.00849907651705,0.00860117741333,0.00866022505623
