,0,1,2,3
bb13_9,0.00837215268296,0.00828634414458,0.00819740518094,0.0081480152792
bb13_8,0.00899676433186,0.00905732416415,0.00923098781875,0.00933613457162
ab16_7,0.00902836614541,0.0090239787589,0.00885974192182,0.00871186892155
ab16_6,0.009056066081,0.00906880625342,0.00910114725384,0.00912767764087
bb12_8,0.00842172486609,0.00848840057874,0.00865885808216,0.00867679450846
bb14_13,0.00775363152759,0.00772407477221,0.00771913044094,0.00771730224233
ab15_6,0.0111028497465,0.0112157662037,0.0115274723657,0.0118727756061
ab15_7,0.0107418963568,0.0107753451258,0.0105985773288,0.0107182925415
bb14_10,0.00772065524393,0.00774043684075,0.00778823111456,0.00783410472644
ab14_7,0.0100066339642,0.00998918735225,0.00987323463544,0.00986990273397
ab14_6,0.00970091298488,0.00981831989089,0.0100548777551,0.0102024698093
ba7_4,0.0100800710508,0.0100641924282,0.00994209512535,0.00984312450282
ab13_6,0.0108021735176,0.0108429841931,0.0110905851228,0.0112648015738
ab13_7,0.0111194394124,0.0111518703323,0.0111605262897,0.0112587704574
ba7_5,0.00943579337283,0.00947349970413,0.00938438828757,0.00955472935847
ab12_7,0.0106054427769,0.0106585958717,0.0106966729024,0.0107311274781
ab12_6,0.00985725450717,0.00987858207283,0.0100304438419,0.0100628689696
bb10_3,0.00808456457456,0.00801966747045,0.00789660924158,0.00783267562829
bb10_4,0.00771650119221,0.00772034763344,0.00762958533512,0.0
bb13_12,0.00797570841194,0.00800853091491,0.00810128850755,0.00816735949161
bb13_11,0.00798246751465,0.00799632940985,0.00803481160049,0.00806907055003
bb13_10,0.00890907692349,0.00885396714159,0.00878187692237,0.00872421278721
ab10_7,0.0103134008045,0.0103036013608,0.0100582172037,0.00993260577373
ab10_6,0.0102795176851,0.0103054821824,0.0103661862728,0.010414478022
bb12_10,0.00848279682355,0.00846336306337,0.0083987484091,0.00829367925409
bb15_8,0.00872521545353,0.00876814277279,0.00885071370987,0.00895903431248
ba7_2,0.00927723806429,0.00929486748251,0.0092636755711,0.00923248760542
bb10_8,0.0,0.00765411492889,0.00763685629589,0.00759627381391
bb10_9,0.00785399892216,0.00775258305767,0.0,0.0
bb13_1,0.00767967741641,0.0,0.0,0.0
ab11_6,0.00879796587427,0.00887900436759,0.00908407355051,0.00924995214044
ab11_7,0.00938822924377,0.00941447868146,0.00937811283624,0.00939444709572
ab8_7,0.0103119647791,0.0103448600448,0.0103759814994,0.010404642822
ba6_5,0.0101514987765,0.0102601045922,0.0104865777836,0.0107221751707
ba6_4,0.0106335986771,0.0107467483832,0.0109716534096,0.0110143733299
ba6_3,0.00978640400106,0.00981654903426,0.00989878243528,0.0099584071974
ba6_2,0.00947256212004,0.00958183780333,0.00981761949447,0.00989884322758
ba6_1,0.00978203435066,0.00981338099955,0.00994033706859,0.010007666048
ab8_6,0.0106567161175,0.0107710123285,0.0110407445884,0.0112208377323
bb15_11,0.00841958728556,0.00843233782387,0.00852379182329,0.00867756301861
bb15_10,0.00938931104079,0.00940545858464,0.00933854761968,0.00942639387272
bb15_13,0.00837064854578,0.00837720542491,0.00840657723267,0.00843667345633
bb15_12,0.00849059715215,0.00850162367736,0.00852759712301,0.00854908925049
bb12_9,0.0083086650335,0.00830427759747,0.00831007011463,0.00831755773359
ba7_3,0.00994076660325,0.00987160250966,0.00961995641808,0.00958512566212
ba7_1,0.00934233842099,0.00930340465798,0.0092046815093,0.00908527026217
ab9_6,0.00978895766628,0.00973211446779,0.0097040308913,0.00970571732426
ab9_7,0.0105870969495,0.0104962151245,0.0102784326077,0.0101740057103
bb15_9,0.00772956825128,0.0,0.0,0.0
bb12_11,0.0,0.0,0.00765910989443,0.00772854726989
bb15_5,0.00780049523898,0.00784170916894,0.0079508206201,0.00819483604639
bb15_4,0.00820181725042,0.0081876647275,0.0081566407948,0.00813566885083
bb14_8,0.0,0.0,0.0,0.00764978011196
bb8_3,0.0,0.00762357845745,0.00762887035693,0.00763453398309
