,0,1,2,3
ba15_8,0.00855725075505,0.00858263575148,0.00861105125853,0.00853014405938
ba11_5,0.0125424478406,0.0126368378554,0.0126747198825,0.0127510990397
ba15_3,0.00787046296601,0.00793768368003,0.00802372226263,0.00802169147735
ba11_10,0.0122569955051,0.0123188309664,0.0124110261174,0.0124131800143
ba15_4,0.00806229988891,0.00807555062586,0.00809251896694,0.00807214425703
ba15_5,0.00802444357445,0.00811508346294,0.00819775318449,0.0082321502772
bb3_2,0.00693258362814,0.00699960017556,0.00706611499618,0.00711036039905
ab13_11,0.00854775501948,0.00857780313059,0.00858765010779,0.00857566695641
ba11_2,0.0107985384382,0.0109120660334,0.0110699295059,0.0111933122309
ab14_1,0.00735344063884,0.00728756576132,0.00732487165064,0.00747630645888
bb10_8,0.00700025756172,0.0069854178228,0.0,0.0
ba11_8,0.0141273823147,0.0141613765017,0.0142145707165,0.0142518551119
ab13_1,0.00867942529693,0.00853224295916,0.00834343847909,0.0083059161447
ba11_6,0.0110470650713,0.0111569106046,0.0113378467518,0.0113887930161
ba11_7,0.0108762612462,0.0110100167441,0.0110854995588,0.0110024123444
ba11_4,0.0130184291166,0.0129468755037,0.0129163923976,0.0129067543928
bb10_3,0.00796354633664,0.00799895251514,0.00804641586323,0.00803704668398
bb10_4,0.00740542016507,0.00739090067807,0.00738001239763,0.00737339843576
ba11_3,0.0132182310243,0.0132408838995,0.0133228693225,0.0133977229239
ab12_1,0.00861506961824,0.00861712713537,0.00860354331224,0.00865334503487
ab10_1,0.0122236984235,0.0121062113254,0.0119695005325,0.0120326646371
ab5_1,0.0129272356996,0.0127152635386,0.0124081642896,0.012474428935
ba15_6,0.0075837708519,0.00765356264164,0.00777248487465,0.00781555529289
ab12_11,0.0111403323346,0.0111217092213,0.0110861619088,0.0110184226334
ab2_1,0.00922170799638,0.00931633953282,0.00933061892097,0.0095043596329
bb8_4,0.0105198851844,0.0104043307782,0.0103341202433,0.0103086675564
bb4_3,0.00992191810686,0.00982902897888,0.0097766609851,0.00979020110073
bb12_8,0.00791452669407,0.00793241923862,0.00791387946143,0.00785209827935
bb8_5,0.00927787381096,0.00928949048864,0.0092975029695,0.00932801055268
ab3_1,0.0119861406054,0.0118308877733,0.0116424246191,0.011748441127
ab4_1,0.0111222150003,0.010981141409,0.0107714034373,0.0107734331682
bb8_6,0.00971305527941,0.00971125425429,0.00972979241159,0.00973368190062
bb8_7,0.00991271630237,0.00985896744003,0.00980556256778,0.0096784671034
bb6_4,0.00850680804545,0.00847144983244,0.00847930049181,0.00850976378208
bb6_5,0.0094488662282,0.00948884761983,0.00955520747861,0.00962495308067
bb6_2,0.0,0.0,0.00701886718214,0.0071007777211
bb6_3,0.00880012452419,0.00886567741845,0.00894958183873,0.00900475238078
ab9_1,0.00755353462734,0.00751132446734,0.00736005347455,0.00735920135192
bb8_3,0.0115437097232,0.0115599288481,0.0115788345832,0.011576095128
bb5_3,0.00996570142588,0.0100221732018,0.0100224964058,0.0100581044258
bb5_4,0.0079846156422,0.00800786669728,0.00800934341012,0.00802465847956
ab6_1,0.0105642599974,0.0105033664708,0.0104035208653,0.0104764253368
ab8_1,0.0141905645073,0.0138987344442,0.0135585303067,0.0136558927173
ab14_11,0.0077722669354,0.0077466730375,0.00777516190408,0.00786237922898
bb7_6,0.00734715676279,0.00733968688335,0.00737199405836,0.00733279055167
bb7_5,0.00799240620689,0.00805053159926,0.00806104442423,0.00803985036558
bb7_4,0.00888725422508,0.00883092372877,0.00877990353301,0.00870928289242
bb7_3,0.00837603843597,0.00840008157988,0.0084338539515,0.00841170629568
ab7_1,0.00912466305205,0.0090422555602,0.00894497701465,0.00888608476472
bb8_2,0.00753965414173,0.00763791262486,0.00776757769556,0.00782507919564
bb10_6,0.00693384486922,0.00699174880001,0.00708657481016,0.00710018749416
