,0,1,2,3
ba15_8,0.0134312161553,0.0132260778997,0.0130324332088,0.0129284525176
ba15_9,0.0140683585517,0.0141571921402,0.014216585014,0.0142020424614
aa13_10,0.00732593355038,0.00732835296535,0.00736649239299,0.00739421972661
aa16_3,0.00771565717235,0.00766473009536,0.00763496767352,0.00766956149739
ab8_3,0.0139297825045,0.0136677377425,0.0134624890416,0.0133844720356
ba16_9,0.0142176695253,0.0144097633796,0.014250757598,0.0141466885721
ba16_8,0.0158726890941,0.0156175395843,0.0155491887926,0.0158338342527
aa10_6,0.00740583980678,0.00737564176116,0.00747445554763,0.00763886099206
aa10_7,0.00976085129453,0.00983708967548,0.0101368433612,0.0104621090751
aa7_3,0.00904829704084,0.0090592199679,0.00913215248272,0.00914547133469
ab8_2,0.00868373825831,0.00853924252322,0.0084082781969,0.00838919399066
aa10_3,0.0075858417278,0.00757378057885,0.00760176216727,0.00763923055135
aa6_3,0.00843496581182,0.00829162050116,0.00814218018269,0.00807494567746
ba10_9,0.0146556098372,0.0148526649356,0.0149552995485,0.0152554979801
ba10_8,0.0153702206704,0.0151905679048,0.0153576519014,0.0159106047314
ba11_8,0.0112069621135,0.0111629716656,0.0111287439181,0.0111285379061
ba11_9,0.0109377503311,0.0112562648871,0.0113220568825,0.0112507377078
aa14_10,0.00859759109103,0.00858096573033,0.00864894116977,0.00877027210131
aa14_12,0.00881833056319,0.00878319305333,0.0087831934105,0.00875347191687
aa14_13,0.0084264385054,0.00840245328071,0.00838941796616,0.00833845364162
aa4_3,0.00820623638322,0.00826723010138,0.00824876514815,0.00814779156303
ba12_9,0.012326375303,0.0123824261743,0.0124139233286,0.0123798408828
ba12_8,0.0132288139584,0.0131360429954,0.0131436715678,0.0131681460471
ba13_8,0.0126513402461,0.0125595381626,0.0125420097161,0.0124982973128
ba13_9,0.0132224326973,0.0132977089638,0.0132634831708,0.0130887968945
aa15_10,0.00733631376801,0.00733792525107,0.00741292674398,0.00747875781979
aa15_14,0.00771395423288,0.00769979367578,0.00770320749697,0.00769412174372
ba14_9,0.0135979499635,0.0137775973875,0.0137593814871,0.0137365762619
aa16_7,0.0,0.0,0.0,0.00711618953983
ab8_5,0.00909556652318,0.00908295480194,0.00904591737733,0.00899459552442
ab9_6,0.011043622469,0.0110932416839,0.0109310617497,0.0108228583151
ab9_7,0.0128608130754,0.0131294855981,0.0134474972991,0.0134675309715
ab9_4,0.0118027382227,0.0121647223682,0.0122365965149,0.0121593255483
ab9_5,0.0088119407229,0.00891262741874,0.00899193394979,0.00891764334349
ab9_2,0.008368908701,0.00841214666751,0.00834248155616,0.00836062639355
ab9_3,0.0135094221384,0.0135099503435,0.0134977215312,0.0133979373902
ab9_1,0.013165350527,0.0132537672739,0.0132444534081,0.0131734414726
aa16_12,0.00773356008654,0.00771747434659,0.0076847780301,0.00766854988234
ab8_4,0.0123452662175,0.0126279940176,0.0126759650976,0.0125281232215
ba9_8,0.00728886436835,0.00712313763743,0.0,0.0
bb9_8,0.00784310801003,0.0078902790523,0.00790029329326,0.00787742941046
aa14_3,0.00977429618168,0.00969769662046,0.00964556305876,0.0096245845442
aa14_1,0.00728801108986,0.00726259368798,0.00723633341408,0.00722704898635
aa14_7,0.00945559356566,0.00952482492378,0.00963933128287,0.00970645021982
aa14_4,0.00784610671823,0.00800864425617,0.00805895716544,0.00802251108506
ab8_7,0.0134477370271,0.0134689583681,0.01358762999,0.0136701088699
ab8_6,0.0115728965087,0.0113492916997,0.0112353222871,0.0112482628383
aa16_14,0.00722952542569,0.00723866393757,0.00727390502515,0.00734394329346
ba14_8,0.0145666847099,0.0143234626193,0.0141224105636,0.014155537272
aa15_7,0.00758525528485,0.00759303277545,0.00769013475528,0.00770690549972
aa16_13,0.0,0.0,0.00707853501,0.0
ab8_1,0.0138759029531,0.013654703458,0.013484133479,0.0133638686622
