,0,1,2,3
ab16_9,0.0132577851525,0.0133729803339,0.0132441831586,0.0130812866103
ab16_8,0.00854312898701,0.00860318178909,0.00854489442523,0.00839532163263
aa13_11,0.0101390025256,0.0102265679473,0.0103561189821,0.0104715629988
aa13_10,0.00809068267413,0.00810458220324,0.00810576254213,0.00804198278805
aa13_12,0.00728193806775,0.00722803551711,0.0072455126642,0.00727860792721
ab16_3,0.0163065329345,0.0166314886086,0.0169810988939,0.016998719669
ab16_2,0.0132210421243,0.0131496175233,0.0128998788017,0.0126331505892
ab16_1,0.011300215429,0.0114482677393,0.0115703706698,0.0116343782324
aa12_11,0.0103255868208,0.0103825955824,0.0105072118602,0.0106836575653
ab16_6,0.00636437351634,0.0064190950228,0.00640495830787,0.0
ab16_5,0.0138767633552,0.0139094364418,0.0138282244548,0.0134606493729
ab16_4,0.0105700414501,0.0106634954807,0.0106417732665,0.010344160264
ab16_13,0.017220199553,0.017246624566,0.0170873071016,0.0167310258682
ab16_12,0.0163286994297,0.0162646249412,0.0161629516122,0.0159066284784
ab16_11,0.0181205533148,0.0182115433833,0.0181855336306,0.0180951382176
ab16_10,0.0193172380559,0.0194881496958,0.0190801818982,0.0182106297108
aa10_3,0.00948059338062,0.00955341141671,0.00956534234219,0.00948168803218
ab16_15,0.0110002912275,0.0110115947976,0.0109482249411,0.0108716931287
ab16_14,0.00690599222809,0.0069497755053,0.0069947407584,0.00691198895172
ab14_5,0.00642484636286,0.00642689420324,0.00639991029023,0.0
aa11_5,0.00734348182903,0.00737954663356,0.00742987083764,0.00745369421864
aa11_3,0.00971859659452,0.00983763689703,0.0100405557909,0.0102402267262
ab14_3,0.0103283403518,0.0105070189826,0.0107147486813,0.0108784974618
ba10_8,0.00733683970974,0.00731917987327,0.00730283444051,0.00727173438317
aa5_3,0.00695805655988,0.00700759680226,0.00712741889455,0.00716500716705
ba11_8,0.00757961504156,0.00761908971682,0.00775070888775,0.00793459457839
ba11_6,0.00728383633269,0.00726182347269,0.00727897117988,0.007271959174
ba11_7,0.00852311128966,0.00848980417635,0.00841092942547,0.00854215358816
ba13_6,0.00675667877306,0.00669645749958,0.00670258524656,0.00668336939049
ba13_7,0.00968344950809,0.00962897482806,0.00954025376778,0.00961923647597
ba13_8,0.0,0.0,0.0,0.00639214407833
aa12_10,0.00731946206727,0.00728354482142,0.00726317122006,0.0072281644672
ba12_7,0.00759270231852,0.00751300838203,0.007473488839,0.00759924609418
ab7_3,0.0080020881986,0.00802770549598,0.00806844543415,0.00823819951479
bb16_6,0.0106323672903,0.0105842980645,0.0105525314854,0.0105049017857
bb16_14,0.0105624242471,0.0105294615632,0.010460843842,0.010470065647
ba10_7,0.00891433543151,0.00889694014668,0.00873721560791,0.00870350047511
aa13_3,0.00859884808022,0.00871234349314,0.00890346906257,0.00905835815603
ab14_12,0.00946394209772,0.00944507773204,0.00939063512402,0.00946452654961
aa13_5,0.00711981434594,0.00706359892907,0.0070436521311,0.00698723800343
bb16_7,0.0112911497161,0.0111950688494,0.0110474323488,0.0111917357184
ba10_6,0.00726561099582,0.00720171667004,0.00711180477256,0.00699147943499
ab8_3,0.00720987541289,0.00729821428951,0.0074882090197,0.00766803268615
bb16_8,0.00776722230769,0.00776019105121,0.0078317215959,0.00790817725735
bb14_7,0.00939802208162,0.00933326524548,0.00920142115305,0.00919172105273
ab14_1,0.0,0.0,0.0,0.00644409686593
ab14_11,0.0117833400038,0.0117644555337,0.0116161931228,0.0116498796921
ab14_10,0.01222666039,0.0122321299073,0.0118797503464,0.0114855182962
ab14_13,0.0101367566216,0.0101581807384,0.0100647695833,0.0100004936172
aa12_3,0.00832881395328,0.00839441103148,0.00857212244899,0.00874688195937
bb14_8,0.00646312231023,0.00646842957808,0.00650054055009,0.00656621649619
aa11_10,0.00660193150874,0.00657968160606,0.0065562385477,0.00651696602449
