,0,1,2,3
aa16_5,0.00783301033864,0.00789872959179,0.00799792405783,0.00801235362307
aa16_6,0.00689630184679,0.00693001032267,0.0070103357852,0.00704347720515
aa16_7,0.00762214569044,0.00766556729715,0.00770575491011,0.00771417923508
ba16_2,0.016813837132,0.0167328741247,0.0166481833031,0.0165909665216
ba15_2,0.0176927436682,0.0174201160379,0.0170159470881,0.0168389128413
aa10_1,0.0,0.0,0.0,0.00676223788237
aa16_9,0.00679852151441,0.00682820192881,0.00688621675435,0.00694487975917
aa7_1,0.00882080414877,0.00888772995076,0.0089791027084,0.00907355370303
bb3_2,0.00875417777753,0.00879460003398,0.008803940328,0.00862185821143
aa10_5,0.00786014184448,0.00785380568155,0.00790566999034,0.00797104862332
aa7_5,0.00852067401736,0.00853374937891,0.0085329682556,0.00847986027768
ba10_2,0.0161607462868,0.0160265820295,0.016062702247,0.0162280560107
aa7_6,0.00759773508705,0.0076293865365,0.00759617381831,0.00755913294874
aa11_7,0.00831604146799,0.0083207707191,0.00831015026609,0.00821399227144
aa6_1,0.00813406495618,0.00818662774304,0.00830275155551,0.00841400589002
aa11_5,0.00832458819208,0.00833493420258,0.00833480747411,0.00820770122247
aa6_5,0.00779805476446,0.00779566172073,0.00783272344549,0.00783196203162
aa11_1,0.00717903205305,0.00720135308323,0.00723578763976,0.00723035043472
aa10_9,0.00718192861759,0.00717163278869,0.00722125819055,0.00730675959908
aa5_1,0.00824593479113,0.00829033108289,0.00839915746905,0.00846760026633
ba14_2,0.0110642503086,0.0108395840889,0.0105394737703,0.0103726472328
ba7_2,0.0157930053039,0.0157897823446,0.0155539449538,0.0153262764019
ba11_2,0.0171358260854,0.0169502461087,0.0167427566717,0.0165820422505
aa8_7,0.00814143703849,0.00818870347236,0.00807469321025,0.00799080971657
ba13_2,0.0150163628805,0.0146706517466,0.0144673061456,0.0141984981621
ba12_2,0.0159658545506,0.0160000576769,0.0159356247441,0.0158228029974
ba4_2,0.0151838626019,0.0153843435012,0.0154328603096,0.0154787679977
ba5_2,0.0184762017741,0.0181385916793,0.0178189294218,0.0175609232247
ab2_1,0.0179986961928,0.0179914199357,0.0181861029757,0.0185215504475
aa9_1,0.00805326446865,0.00805514469233,0.00807081719115,0.00815862631358
aa9_7,0.00943053648776,0.00943635013614,0.00936916688446,0.00937585547939
aa9_6,0.00847786904266,0.00847128547561,0.00846851320828,0.00853790760162
aa9_5,0.00826782315989,0.00821425470966,0.0081864228157,0.00818894066431
aa9_4,0.00732652404863,0.00737845350422,0.00740014571046,0.00742614235704
ba6_2,0.0158227468039,0.0157091051154,0.015572076045,0.0155662770318
aa8_6,0.00678667473873,0.00680701122168,0.00678060029782,0.00676740707918
ba7_3,0.00693269323987,0.00693779932762,0.00692636266898,0.00685831588248
aa8_5,0.00753207232917,0.00747206981387,0.0073942530749,0.00733702799254
aa10_6,0.00679649528891,0.00683850358598,0.00693509047886,0.00702112422041
ba9_2,0.0187579060222,0.0183280099889,0.0180104882993,0.0181780299479
aa10_7,0.00731438488522,0.0073209610176,0.00735171283474,0.00738905946593
ba3_2,0.00988770912351,0.00972475345524,0.00964112366126,0.00986501863372
aa12_9,0.00689522769668,0.00693836006915,0.00688431846392,0.00688716348607
aa15_9,0.00702426156011,0.00701730503192,0.00696470214456,0.00698812268951
bb14_2,0.00678768436866,0.00685541615005,0.00702518651982,0.00714838622027
aa11_6,0.00718348350576,0.00718780514059,0.0071858640182,0.00713704813711
ba8_2,0.015955078802,0.0157897728285,0.0155004155644,0.0153161378179
aa15_7,0.00706297781875,0.00706401138051,0.00699755697879,0.00697682431245
aa15_6,0.00686916788562,0.00687275187569,0.00685382367017,0.00684085806014
aa15_5,0.00759283595691,0.00757754179678,0.00756944585962,0.00755089045626
aa16_11,0.0067903655994,0.0068066673465,0.00681445539933,0.0
