,0,1,2,3
bb12_7,0.00782337485347,0.00779404421679,0.00775849489685,0.00776226101921
ab16_9,0.0167323297853,0.0170078952225,0.0171847287835,0.0170902823748
ab16_8,0.0136476308878,0.0134045507054,0.013087708138,0.0130493348379
bb12_1,0.00891189843881,0.00885804795131,0.00875794711406,0.00875231997456
bb13_1,0.00697932515944,0.00689945306369,0.00687663049128,0.00684730342338
bb11_1,0.00661791535577,0.00662469368764,0.00663866398153,0.00665348257867
ab14_9,0.0157209455573,0.0161596443538,0.0164191313633,0.0166154067549
ab14_8,0.0135198290542,0.0132711187326,0.0127965239198,0.0127934253434
bb11_7,0.00720061157237,0.00722943982112,0.00731913850879,0.00734362006019
ab13_9,0.012898423584,0.0129912430015,0.0134010586787,0.0135204257075
ab15_8,0.00795119615217,0.00789834350154,0.00785146319816,0.00786318083504
ab15_9,0.0115893266258,0.0118352776864,0.0121876805085,0.0124507453815
ab12_9,0.0133495241106,0.0136429681051,0.0138884622812,0.0139629889664
ab12_8,0.00968406023992,0.00965920678942,0.00951985577855,0.00961834315121
bb10_1,0.00870684835407,0.00866479376177,0.00868650011608,0.00865958922205
bb14_12,0.00872759201066,0.00867964285134,0.0084990797437,0.00852846377822
bb14_13,0.0067263332306,0.00659418058101,0.00649242371495,0.00646317053996
ab13_8,0.00956909972891,0.00944890937356,0.00943416332606,0.00947867387294
bb10_7,0.00931025937645,0.00935792052296,0.00959533787802,0.00961554525768
bb14_7,0.00874033613946,0.00871311713568,0.00873000509702,0.00881520864221
ab10_9,0.0158746201516,0.0164075052393,0.0171158246967,0.0171780416791
ab10_8,0.0139667752207,0.0139390763375,0.0139651813319,0.0139526238051
ab11_8,0.012364822897,0.0123294481756,0.0122242399738,0.0122212937322
ab11_9,0.0137424276919,0.0141025929696,0.0144564288226,0.0145365458033
ba9_7,0.0152596159689,0.0153710106025,0.0159172453764,0.0159978158084
aa9_6,0.00864905808,0.00893646201821,0.0091358112862,0.00915540327412
aa9_4,0.00848519948029,0.00841809538667,0.00834113104541,0.00829841089805
bb16_10,0.00752937098428,0.00755793526545,0.00762252935893,0.00766328729466
aa8_3,0.0075991966139,0.00746595290719,0.00729101205797,0.00720717346791
bb16_12,0.00700579659475,0.00697409200135,0.00685951308322,0.00685450847817
aa9_8,0.0102308066262,0.0104043775667,0.0104324376426,0.0104299856993
bb16_14,0.00778472988881,0.00774263262693,0.0076232130497,0.00763106467108
aa8_4,0.00751657072642,0.00743579270435,0.00730997151578,0.0072367592109
ba9_1,0.0179974484446,0.0182802688785,0.0185730803101,0.0184366780172
ba9_4,0.00754876752713,0.00779276762629,0.00804384060038,0.00815145093436
ba9_5,0.0116228037518,0.0120173013706,0.0122472468104,0.0121520891103
ba9_6,0.00785505271974,0.00779714281489,0.0077940479009,0.00780614978746
bb16_1,0.00842771860586,0.00837524640334,0.00828543554509,0.00819094979424
bb16_7,0.00895903982957,0.00892749416553,0.00894433803317,0.00894552527181
ba9_2,0.0105519502878,0.0105670913887,0.0108730658147,0.0110559898211
ba9_3,0.00935715539864,0.00963659127348,0.00997947434864,0.0101033388001
ba3_1,0.00690152980691,0.00676215281768,0.00657261367695,0.00646549564404
bb12_10,0.0071705710156,0.00720540479352,0.0072049997618,0.0072011090055
bb14_1,0.0093421640122,0.00932083112973,0.00916157877432,0.00916830606657
ba8_5,0.00869313167318,0.00873908360915,0.00867600341291,0.00863562238904
ba8_7,0.0129146665598,0.0127260730487,0.0127013013779,0.0127803369153
ba8_6,0.00723538790221,0.00704945342406,0.00695251620236,0.00698115115885
ba8_1,0.0151913938982,0.0149627418342,0.0146555367105,0.0145050448375
bb7_1,0.0112201147571,0.0111512250011,0.0111504524207,0.0111381821902
ba8_2,0.00767729088401,0.00746887856088,0.00735112368544,0.00740701893417
