,0,1,2,3
ba16_5,0.0123495765788,0.0125964025798,0.0126088110423,0.012367035755
ba16_4,0.0130660534804,0.0130089173963,0.0131555837584,0.0132424070918
aa16_1,0.00696281262272,0.0,0.0,0.0
aa16_2,0.00856944597966,0.00855238729359,0.00851559542302,0.00842803639193
aa16_3,0.00748768500077,0.00736613979764,0.00722233444913,0.00707404069593
ba15_4,0.0137090103546,0.0137022236131,0.0139097667787,0.0140193971045
ba15_5,0.0131710457992,0.013412945264,0.0133735275648,0.013131123676
ba10_5,0.0119831144729,0.0121555462131,0.011946231196,0.0118683999521
ba10_4,0.0121720970404,0.0120124839846,0.0119155699618,0.0119191995098
aa6_1,0.00731998882128,0.00742502676735,0.00759716305171,0.0077494244421
aa6_2,0.00745973288525,0.00750266762624,0.00755996956605,0.00756287866382
aa11_3,0.00724487689298,0.00713703647575,0.00703995756741,0.00693438209376
aa11_2,0.00709407781096,0.00703037029908,0.0069390087733,0.006847053316
aa16_13,0.00729563192508,0.00732370220323,0.00734518325922,0.00733274004265
ba11_4,0.0122738237748,0.0121343205234,0.0121472945016,0.012149893015
ba11_5,0.0111828893442,0.0113361626607,0.0112866557306,0.0110814100803
aa3_1,0.00755552000554,0.00743455468727,0.00736307180659,0.00732677149782
ba13_5,0.0109266576903,0.0111407311992,0.0110994597056,0.0109694733724
ba13_4,0.0114065371991,0.0114131316805,0.0116079759484,0.0117914820376
ba12_5,0.0110848260636,0.0111256686014,0.0111707435247,0.0111806823147
ba12_4,0.0107152559912,0.0105722112215,0.0106505897918,0.0108045119991
ab5_2,0.0125752141238,0.0126864418733,0.0125175817944,0.0122512377894
ab5_3,0.0113043671701,0.0113545214867,0.0112151856632,0.0109470443342
aa15_11,0.00729615114589,0.00730743659779,0.00731244485327,0.00725764644308
aa15_10,0.00711645082111,0.00711323855459,0.00706127842422,0.00704647164164
ab5_1,0.0129951021494,0.0130979996747,0.0131107414385,0.0130555186342
aa9_3,0.00706526126359,0.00696211408134,0.0,0.0
ba8_5,0.0111852278483,0.0115859971494,0.0116168900643,0.0114240605389
ba6_5,0.0100974560318,0.0103679923743,0.0107251629234,0.01095952542
ba6_4,0.0110470428142,0.0111931402939,0.011585005303,0.0118892065513
ba8_4,0.0112216172372,0.011435733498,0.0116806608292,0.0117787094337
ab4_3,0.0113080217276,0.0111464874378,0.0111742818147,0.0112716667457
ab4_2,0.0119573708653,0.0119507482968,0.0120523703935,0.0121673399372
ab4_1,0.0132720126068,0.0130823419866,0.0131989743603,0.0134330273389
ba7_5,0.0087265851078,0.00884441010279,0.00898476511168,0.0091643922824
ba9_4,0.0121844093296,0.012095082723,0.0122156725219,0.0125160946012
ba9_5,0.0118377122046,0.0120534248559,0.0120712525876,0.0121044006935
aa13_2,0.0,0.00691840907851,0.00689999654855,0.00688602534613
ba7_4,0.0100332182696,0.00997869616533,0.010132959018,0.0103613873475
aa15_13,0.00704872873872,0.00709308159088,0.00712067223378,0.00707515500289
aa13_1,0.0,0.0,0.00687018293841,0.00690564548803
bb5_4,0.0085512872469,0.00860137466598,0.00868831331243,0.00875180379125
aa2_1,0.00823827497378,0.00809851654021,0.00796323702317,0.0078997540938
aa15_8,0.00737013206208,0.00750691472774,0.00759451276084,0.00756367096851
ba14_5,0.0115975176534,0.0117509903955,0.0116456564472,0.0115358347575
ba14_4,0.0115905969579,0.0113357796149,0.0111785370873,0.0111622170514
aa15_3,0.00793784668531,0.00782636722276,0.00772752258254,0.00763404543922
aa15_2,0.00863319965334,0.00862414944855,0.00857879807421,0.00848921618544
aa15_1,0.007640027456,0.00757065164021,0.00752366776684,0.00749401167249
aa16_15,0.0080918927101,0.00811023578448,0.00813487097824,0.008074569233
aa15_6,0.00704838036957,0.00717678105968,0.00729013111264,0.00729487227887
aa16_11,0.00708032011438,0.00702511522939,0.00697104330663,0.00684872957751
