,0,1,2,3
aa16_5,0.0082725805334,0.00824144391417,0.0,0.0
aa16_6,0.00821733360858,0.0,0.0,0.0
aa10_6,0.00861956343761,0.00859065891024,0.00834233052839,0.0
aa10_7,0.0083716884488,0.00833320310781,0.00831252745597,0.00828683248027
aa10_4,0.00862664524609,0.00868868944804,0.00857011369593,0.00841956162191
aa10_5,0.00835760356586,0.00834715348139,0.0,0.0
aa7_5,0.00882670793369,0.00883852360401,0.00890344025106,0.0089516441619
aa7_4,0.0086643561039,0.008701416367,0.00883530681562,0.00890495807931
aa6_1,0.00840199419395,0.00833848852915,0.0,0.00824664043633
aa11_7,0.0,0.0,0.0,0.0084042867409
aa11_6,0.00847460411253,0.00849465280608,0.0084483256552,0.00847030500334
aa6_2,0.00875651505086,0.00875034943514,0.00863238765761,0.00858825047295
aa11_4,0.00835762338916,0.0083781215268,0.00840843887235,0.00843815779062
aa6_4,0.00930775453372,0.00933904631818,0.00918499870804,0.00906500969334
aa6_5,0.00937925035837,0.00932414990019,0.00922969056144,0.00919442983103
aa5_4,0.00895285496478,0.00899771573001,0.00899568222012,0.00895954799192
aa5_3,0.00905134136444,0.00907398415046,0.00904953414114,0.00911956935893
aa5_2,0.00858287208471,0.00859675893504,0.0086221120941,0.0086508036913
aa5_1,0.00835601090894,0.00837216907978,0.00841206249334,0.00845993454433
aa14_13,0.00878710507,0.00868417977989,0.00857197517708,0.0085117558092
aa4_2,0.00884369181019,0.00886114308847,0.00886550879143,0.00886085802024
aa4_3,0.00886844882309,0.00900273932099,0.00898034443169,0.00889789751626
aa4_1,0.00830727070757,0.00832566461316,0.00835559350814,0.00838758791714
aa11_5,0.00823151397686,0.0082677804717,0.00833779504596,0.00840329391483
aa6_3,0.00845186970278,0.00850331190474,0.00843401358278,0.00845405840283
aa9_3,0.00827451342403,0.00830553900847,0.00835522616058,0.00841078274732
aa9_7,0.00883839419685,0.00881390221635,0.00894289962286,0.00910491027513
aa9_6,0.00919854678162,0.00912771247177,0.00906670153786,0.00912173370824
aa9_5,0.00872750209212,0.00871060156709,0.00875734461686,0.00885728511525
aa9_4,0.00905931543589,0.00907936048292,0.00911500909312,0.0091715360341
aa8_2,0.00827685476845,0.00829314270581,0.00833188545552,0.00836450947601
aa8_3,0.00855642762603,0.00857813635667,0.00861042218218,0.00864339555948
aa9_8,0.0,0.0,0.00825141608111,0.00831967175072
aa8_6,0.00954335524592,0.00951106673996,0.00939264770313,0.0093514242169
aa8_7,0.00866876999538,0.0086681117523,0.00875744227805,0.00881687240588
aa8_4,0.00956493081407,0.00958071912525,0.00956526853557,0.00954844521916
aa8_5,0.00890869270042,0.00892706803759,0.0089707410099,0.00901463288749
aa13_1,0.0,0.0,0.00825955721434,0.00838183866401
aa13_3,0.00833598990455,0.0083792759225,0.00847923178156,0.0086074290155
aa13_2,0.00834945090461,0.00836026438571,0.00838246455074,0.00841038434465
aa13_5,0.00885674991403,0.00886518428046,0.00891069183568,0.00896719608164
aa13_4,0.00918582589307,0.00920012338769,0.00917717225331,0.00919821345701
aa13_7,0.0,0.0,0.00839748082923,0.00856163025727
aa13_6,0.00898909841769,0.00894799380839,0.00888465586033,0.00888244443561
aa13_9,0.00865946349562,0.00864089370563,0.00869968186269,0.00881787541607
aa13_8,0.00884433971487,0.00885679475287,0.00889264458819,0.00893818157034
aa14_3,0.00838692969174,0.00835178008801,0.00825891354231,0.0
aa7_2,0.0,0.00821672829419,0.0083685085795,0.00847450617259
aa14_6,0.0090226678447,0.00887754872799,0.00863673824157,0.00847185678595
aa14_7,0.00871183392184,0.00861107429576,0.00853169292078,0.00846994400483
aa14_4,0.00924211654526,0.00918050310097,0.00901502695945,0.00883608517042
aa14_5,0.00890467742062,0.00876059957573,0.00858509112409,0.00845320329637
aa14_8,0.00903708002494,0.00893815377069,0.00881393248842,0.00871950931093
aa14_9,0.00861343662532,0.00851566604128,0.00840747837136,0.00835112499115
aa12_4,0.00829334609835,0.00841224234895,0.00843497454933,0.00829516492967
