,0,1,2,3
ba16_5,0.0121519044383,0.0123854490232,0.012745119227,0.0129300791457
ba16_4,0.0163318266223,0.0165903287565,0.0167209856368,0.016517473661
ba16_7,0.0133034367655,0.0134481290554,0.013606518011,0.013453401255
ba16_6,0.0111873115054,0.0112883117027,0.011146220713,0.0110922160494
bb12_2,0.00748833464203,0.00746081614571,0.00747400473583,0.00749975296699
aa16_1,0.00799463656559,0.00795687818571,0.00789974482877,0.0078798541103
ba16_3,0.0149229195117,0.0151244036949,0.0155595116002,0.015682420633
ba16_2,0.0145005176666,0.0147468214617,0.015226926041,0.0154737824434
bb13_4,0.00862906345945,0.00854560095078,0.00839632682093,0.00829240966573
aa16_8,0.00855862139481,0.00856266761447,0.0086199213633,0.00869166938593
bb12_4,0.00895078815052,0.00891275350205,0.00877762937154,0.00868312448337
bb13_12,0.00739397612024,0.00738093132269,0.00736343055958,0.00739248066746
ba10_7,0.0066850713867,0.00664808791723,0.00661465402801,0.00656683718921
ba10_4,0.00973210980433,0.00973600911371,0.00969108520887,0.00967620844932
ba10_3,0.00696129178233,0.00693739809448,0.00692657979331,0.00691111108295
ab14_8,0.00803002963566,0.00798317629744,0.00793224949248,0.00793637826706
ba16_1,0.00744958760257,0.00759623835617,0.00781425537741,0.00787441335641
ab14_1,0.00766470424906,0.0076263999495,0.00762942968758,0.00766722100365
bb12_3,0.00695238150929,0.00690277143898,0.00688165550052,0.00685848203104
ab13_1,0.00675219170982,0.00672223621999,0.00667118252391,0.006692671356
bb14_12,0.00888306531001,0.00883956877712,0.00883217811519,0.00882505830973
bb14_13,0.00854480989609,0.00849869516431,0.00845748984404,0.0084666323122
ba16_11,0.0106372130709,0.0109752595076,0.011362009704,0.0116356569137
ba16_10,0.00654376564252,0.00662917364079,0.00670196553869,0.00667339229842
ba16_13,0.0155516008525,0.0157708020488,0.0160315166222,0.0162359567481
ba16_12,0.0154212489754,0.0155459979731,0.015726688911,0.0158434227541
ba16_15,0.0140203585134,0.0141629458497,0.0143388589187,0.0145839693539
ba16_14,0.0164006936057,0.0165866328424,0.0169209876423,0.0169867824786
bb12_7,0.00649091865682,0.00645430792304,0.00639241046931,0.0063334551815
bb13_3,0.00674992058494,0.0067054354194,0.00667758955953,0.00664956773324
ba16_9,0.0123607850139,0.0127921900737,0.013073175383,0.0131836710922
bb13_2,0.00735128281416,0.0073183589528,0.00729984108286,0.0073194817964
bb4_2,0.0086507224945,0.00861160966119,0.00860553167181,0.00855774014665
bb4_3,0.00894486832186,0.00891120177621,0.00891141613373,0.00878068418065
ba8_4,0.00806092071157,0.00799154149404,0.00782647916714,0.00770290874412
ab4_1,0.00698522100537,0.00686843616126,0.00668103675962,0.00654107745748
ab12_10,0.00797356163997,0.00798622120434,0.00796604904036,0.00803132549739
bb6_4,0.00674067501283,0.00666575775294,0.00648591108435,0.00641062861901
ab13_10,0.00745783792739,0.00746633583768,0.00744492078922,0.00755357651375
bb14_4,0.00953317555282,0.00951598107028,0.0094461415662,0.00931600534434
bb14_7,0.00834347105575,0.00835498785148,0.00841514060986,0.00841294761364
aa16_10,0.00869007174643,0.0086911311451,0.00871990024762,0.00877098923481
bb14_2,0.0070858569185,0.00708977154762,0.00715669219223,0.00719710704708
bb14_3,0.00832155158838,0.00826145601903,0.00830378226945,0.00833469436803
ab14_10,0.00905498051253,0.00894440882905,0.00889432674394,0.00892573069608
bb7_4,0.00815742585681,0.00813768441905,0.00810521084375,0.00796438160469
bb7_3,0.0066937361341,0.0066772835033,0.00671631208337,0.00667705704038
bb7_2,0.00736833802194,0.0072998096051,0.00732546733296,0.00729951623328
ba8_3,0.0070148307907,0.00698967695283,0.00698388495154,0.00699007056113
ba10_2,0.00763310561982,0.00759352030932,0.00757659507193,0.00761239619662
