,0,1,2,3
ba16_1,0.0129218330325,0.0129022547071,0.0127794135856,0.0127029133452
ba10_1,0.0154449099183,0.0157805224837,0.0154932679468,0.0153352201646
aa12_10,0.0073298266576,0.00743651393629,0.00749559737571,0.00751103234178
ab15_4,0.00845180681585,0.00860342207811,0.00886142646385,0.00885865269831
ab15_5,0.0122302512056,0.012129207068,0.0120535167281,0.0119529475237
ab15_7,0.00716085544596,0.00721638471092,0.0072436493333,0.00720860656416
aa10_2,0.00867410813892,0.0087598874168,0.0086775422836,0.00871858083438
aa10_3,0.00725091658762,0.00725552533532,0.00727061550248,0.0073813691869
ab15_2,0.0152164706376,0.0152340567754,0.0152495716241,0.01519636263
ab15_3,0.012269628425,0.0122711448251,0.0124433829893,0.0124444618829
ab15_8,0.0140461760947,0.014084251467,0.0139714437656,0.0137504885346
ab15_9,0.0141336686785,0.0141114573665,0.014265746216,0.0141815597511
aa10_8,0.0076755682712,0.00769346453191,0.00755863184509,0.00748721791159
aa10_9,0.00806757197423,0.0080779857226,0.00801958568923,0.00802522818095
aa12_8,0.00820767425912,0.00827979175359,0.00835513109329,0.00832037225553
ba11_1,0.0131949237124,0.0131399506093,0.0129922261761,0.0126774410449
ba13_1,0.014137884378,0.0144437600587,0.0146171344116,0.0145397558549
ba16_15,0.01234251632,0.0122644118924,0.0123302855571,0.0124127356913
aa3_2,0.00675895183007,0.0067539809369,0.00678441752165,0.00684045163019
ba12_1,0.0132457144155,0.013565831189,0.0138938011039,0.0138790611809
ba2_1,0.0133302260055,0.0134210373466,0.0133304074444,0.0132300847919
ba4_1,0.00834059807202,0.0084209973255,0.00839844765515,0.00822536322458
ba5_1,0.0117560039558,0.0115861737029,0.0114436193415,0.0112776877973
ab15_14,0.0121734410074,0.0121215135307,0.0122521357699,0.0122616105357
ab15_12,0.0132683955945,0.0134947177188,0.0138422060909,0.0138121142543
ab15_13,0.0135093504567,0.0136162688058,0.013696948146,0.0137751970967
ab15_10,0.0143431015057,0.0143977789257,0.0142630292972,0.0141294793563
ab15_11,0.0128376241814,0.0126233247099,0.0125861319876,0.0124063502721
aa9_3,0.00673119207954,0.0,0.0,0.0067506122177
aa9_2,0.00766577951651,0.00767709978257,0.00768328728306,0.00772600393353
aa11_2,0.00693766357969,0.00690260583576,0.00690669524199,0.00688900158736
ba6_1,0.00686009223356,0.00684428001109,0.00684039464666,0.0
aa8_2,0.00863559989156,0.00865102460831,0.00856364665645,0.00850888209225
bb15_7,0.0077372936646,0.00765711154771,0.00772226030531,0.00775600798156
ba7_1,0.0072140545113,0.00732705154762,0.00732192934887,0.00711915407258
ba9_1,0.0140525422816,0.0140887172367,0.0140197460537,0.0138732536717
bb6_1,0.0092084699966,0.00921724034532,0.00912685129891,0.00914656926
aa13_9,0.00709043475545,0.00713667677359,0.00718400266552,0.0072281464763
aa13_8,0.0076252877777,0.00766174361559,0.00763044618954,0.00762182985227
aa13_10,0.0,0.00678154214494,0.00680710173573,0.00687400769314
ba8_1,0.0138528166057,0.0141094699805,0.0140513930248,0.0137706229427
aa14_2,0.00727526337216,0.00728799187295,0.00734129243816,0.00739807668157
aa14_3,0.00716048170658,0.00710731979251,0.00711156955023,0.00715214730371
ba14_1,0.0131064897766,0.0130708213458,0.0128884701787,0.0127112444463
ba3_1,0.0126687652798,0.0125944414387,0.012483609697,0.0124117113247
bb4_1,0.00687423464244,0.00681262561417,0.00681485615578,0.00690587325823
ba10_6,0.00674754797608,0.00685560266253,0.00681386023223,0.00687197741848
aa12_2,0.00708539381325,0.00715547253855,0.00726934738336,0.00735400837244
bb15_6,0.00987636641002,0.00991851284329,0.00999258405855,0.0100708590707
bb15_1,0.00978623573918,0.00974534278078,0.00972710090646,0.00970694120224
bb7_1,0.00796339712336,0.00788233822729,0.00787791023891,0.00800899674599
