,0,1,2,3
bb11_7,0.00801698163732,0.0080431064346,0.00807339473398,0.00814976222012
ab16_3,0.00829578438611,0.00840507427046,0.0085476614243,0.00856442030315
ab16_2,0.0130552961511,0.0128579637188,0.01270225715,0.0124983621223
ba2_1,0.0152743605008,0.0153419996392,0.0153016172628,0.0153058303742
bb11_1,0.00824720764705,0.00838509139973,0.00845190796415,0.008572849262
bb11_5,0.00934603270491,0.0093892775078,0.00944496042544,0.00947408720434
bb11_4,0.0088948213597,0.00893534275239,0.00888855719097,0.00883474874613
ab15_2,0.0134832553252,0.0130230940511,0.0124803776806,0.0123390000355
ab15_3,0.0105384204243,0.0104980241293,0.0105151672751,0.0105438329129
bb11_9,0.00841079683823,0.00844810145625,0.00850813145487,0.00856303467552
bb11_8,0.00747758109078,0.00744963729068,0.00745925336815,0.00747350048064
ab14_3,0.00885403289857,0.00897081553572,0.00905810047743,0.00897287310844
ab14_2,0.0119652066913,0.0118457736807,0.0116305407934,0.0114431296312
ab13_2,0.0122435244554,0.0121098209361,0.0118776982073,0.0117035015252
ab13_3,0.00903292165829,0.0090723686301,0.00914212541927,0.009145170763
ab8_2,0.0148768863027,0.0146353823025,0.0143673325328,0.0142351144102
ab12_3,0.00974222346814,0.00972050325815,0.00971593491892,0.00973319461607
ab12_2,0.0120295554717,0.0119347365066,0.0116079108775,0.0114335638029
ab10_3,0.0100647306794,0.0100735097789,0.0102668521181,0.0101996491603
ab10_2,0.0136065231627,0.0132920758938,0.0131200165128,0.012892249764
aa3_2,0.00888779497976,0.00899754455274,0.00908284013968,0.00905392460076
ab5_2,0.0171703630853,0.0170058851685,0.0167628746529,0.0164569382314
ab5_3,0.0111585641,0.0114157167752,0.0117666851221,0.0119261334371
bb8_4,0.00776278433886,0.00770107258696,0.00765940123732,0.00764823435147
ab11_2,0.015119531688,0.0150305812042,0.014814971215,0.0146863982924
ab11_3,0.0123428776624,0.0124730571126,0.0126420625925,0.0127251628835
bb4_1,0.0083163374327,0.00836689457708,0.00840335084679,0.00842079679473
ab4_3,0.0115608025831,0.0116096671285,0.0117125559987,0.0117002705056
ab4_2,0.0158195873554,0.0156570785386,0.0152788699308,0.0149253006189
ab3_2,0.00743174892084,0.00726745942214,0.00708968562035,0.00701844944045
ab9_2,0.0164394587398,0.0163430695506,0.0162229849033,0.0161685589543
ab9_3,0.0128845119482,0.0130631052419,0.0133268230314,0.0134290589097
bb5_1,0.0086797912393,0.00886029310154,0.00900605002349,0.00913993492005
bb8_1,0.00820791479389,0.00825142020795,0.00832540732769,0.00847333602978
bb9_5,0.00892747368623,0.00901428783409,0.00917247353775,0.00923597901137
bb9_4,0.0084637622177,0.00849576978976,0.00853037026688,0.00852907875902
bb9_7,0.00810862089226,0.00817751586573,0.00831101745137,0.00842118216284
ba3_1,0.011618155118,0.0117835994957,0.012004371029,0.0121838781061
bb9_1,0.00905522649808,0.00919775428926,0.00935403439057,0.00953344318567
ab7_2,0.0132463135847,0.0132013479545,0.0131126040015,0.0130475409356
ab6_3,0.0084315222641,0.008563638691,0.00875731410552,0.00883183765762
ab6_2,0.0118741811543,0.0118106589693,0.0116406270895,0.0114583844691
bb15_5,0.00745766351456,0.00738001627066,0.00733013306397,0.00736995450894
bb8_5,0.00754889930877,0.00753095266786,0.00757644088885,0.00765744810147
bb7_5,0.00847572737951,0.00857366118091,0.00872477209427,0.00884213958831
bb8_7,0.00706200111777,0.00701194930307,0.00697615638304,0.00702932478249
ab8_3,0.0120145305311,0.0119472907848,0.0120654846737,0.0121177074824
bb9_8,0.00691903602027,0.00695040164057,0.00700273258632,0.0070601768364
bb7_1,0.00728257953377,0.00739460895148,0.00749190242481,0.0076073940243
ab7_3,0.0101392092377,0.0102260564903,0.0103742529656,0.0104929958316
