,0,1,2,3
bb12_6,0.00910480791052,0.00905341569349,0.00901577036374,0.00898976827306
bb12_7,0.00939997343577,0.00931959721596,0.00923390970213,0.00920316855645
bb12_4,0.00868658172082,0.0087125378848,0.00876533563633,0.00880928597242
bb13_9,0.00886696641961,0.00881657787062,0.00876315528256,0.00876957834612
bb12_1,0.00853316163895,0.00858858200358,0.00869541942354,0.00878028583722
bb13_7,0.00922680772082,0.00910504109078,0.00893629542825,0.00884461648951
bb10_4,0.00873655849537,0.00868761469435,0.00856630172936,0.00843880192407
bb13_5,0.00845636137047,0.00848094032042,0.00846508182081,0.0084848725354
bb13_4,0.0087035011116,0.00866497291866,0.00860529556796,0.00856181244182
bb12_8,0.00873881281257,0.00877535647269,0.00890736425825,0.00901216735485
bb12_9,0.00895696431803,0.00895673499891,0.00900727411474,0.0090966813702
bb15_11,0.00855770733739,0.00858934889285,0.00869564841207,0.00878441956851
bb11_5,0.0,0.0,0.00831588398916,0.00837348290987
bb11_4,0.00909874720705,0.00911976343287,0.00916825105665,0.00917972106887
bb11_7,0.00889431800952,0.0087654037199,0.00863057620505,0.00862832019474
bb13_10,0.00932393419806,0.00919763040767,0.00902027716612,0.0089396373432
bb15_12,0.00886541297569,0.00881243781902,0.00887639414335,0.00895765870137
bb9_4,0.00879125218604,0.00881095108734,0.00884445863401,0.00887744882332
bb13_8,0.008605067574,0.0086232292567,0.0086603870201,0.00869279308255
bb14_12,0.00888573722843,0.00892233401096,0.00900247413741,0.00907199077419
bb14_13,0.00843282668176,0.00845395193897,0.00848193966342,0.00851110447199
bb13_11,0.00928702216771,0.00925568952375,0.00923008831705,0.00923741038491
bb10_7,0.00886062457421,0.00873313118668,0.00853113401366,0.00843131037021
bb13_6,0.00866585847509,0.00861445171548,0.0085612217316,0.00853054995923
bb13_12,0.0089689767057,0.00890306884153,0.0088280575285,0.00881216088777
bb14_10,0.00855930573832,0.00857493608102,0.0085636113452,0.00854072499689
bb4_1,0.00870527498199,0.00873261286967,0.00876753584851,0.00878614849459
bb13_1,0.00853087756045,0.00848679318486,0.00841326128304,0.00836875109702
bb15_4,0.00914002439048,0.00916686869321,0.00927240996061,0.00928693020153
bb16_10,0.00841503451604,0.00837896252119,0.0,0.0
bb15_10,0.00851881666016,0.00851831280512,0.00852354958766,0.00853588346482
bb16_12,0.00885621292669,0.00887271628632,0.0089045375312,0.00893609361527
bb16_13,0.00927038239831,0.00925991613788,0.00923419863578,0.00922704517604
bb16_14,0.00851716284496,0.00855002759028,0.00859596520318,0.00863522108839
bb16_15,0.00831772267796,0.00833989716003,0.00837799617621,0.00841095751924
bb16_7,0.00881533223198,0.00874783690386,0.00859778331409,0.00857562258339
bb16_6,0.00848674964071,0.00849948580899,0.00851261551664,0.00850519700908
bb14_11,0.0085836771612,0.0086222348079,0.00867859238207,0.0087269911066
bb16_4,0.00930939148042,0.00931630654147,0.00929165096643,0.00924261515836
bb15_1,0.0,0.0,0.0,0.00833035875594
bb16_9,0.0083455488903,0.00835481498769,0.00836771200934,0.00838839277342
bb5_4,0.00829435038112,0.00832079179163,0.00836103662762,0.00839658048307
bb14_4,0.00843814712276,0.0084635428576,0.00850120522174,0.00853290181177
bb14_5,0.0,0.0,0.00830050310208,0.0084148552629
bb9_7,0.00851009280983,0.00842128888239,0.00829447322922,0.0
bb14_7,0.00866741959044,0.00866677605784,0.00862996916874,0.00863134739807
bb12_10,0.00917314757794,0.00911731979688,0.00906437151903,0.00905120235025
bb12_11,0.00931723029023,0.0093299816831,0.00936348331066,0.00940134237343
bb14_6,0.00832657438929,0.00835887272059,0.00840080480875,0.00841991472012
bb15_7,0.00837566827448,0.00833394384472,0.00829201124846,0.0
bb15_6,0.00829693200812,0.00831052431882,0.0084756363096,0.00842656525547
bb14_8,0.0,0.0,0.0,0.00836693062233
bb14_9,0.0,0.0,0.00836845274404,0.0084253875879
bb7_1,0.00836368195517,0.00831544401303,0.0,0.0
bb10_6,0.00834326617506,0.00830562493805,0.0,0.0
