,0,1,2,3
aa16_4,0.00928181486631,0.00922402759311,0.00924112168553,0.00925335679633
aa16_1,0.00985402049332,0.00994493471601,0.0100835089528,0.0101645971264
aa10_1,0.0,0.0073476422372,0.00737260400498,0.00735816531146
aa16_8,0.012650757319,0.0127081661446,0.0128916710113,0.0130440116328
aa16_9,0.0121997111668,0.0122242453312,0.0123187384309,0.0123699800332
ab12_1,0.0134569083016,0.0136069175107,0.0135661619595,0.0135388428369
ab13_10,0.0142904167993,0.0142496558607,0.0144251791925,0.0142728313229
ab13_11,0.0137667810995,0.0136834356296,0.0136953444901,0.0137300025159
aa11_9,0.00741959098836,0.00739146913118,0.00732908142656,0.00731838852099
aa11_8,0.00793302186177,0.00796624347107,0.00796644535641,0.00801923291284
aa16_14,0.00913473591889,0.0091298886477,0.00912711601529,0.00907886282621
aa10_8,0.00954087222323,0.00950589733792,0.00948962614271,0.00946150574496
aa10_9,0.00877660393763,0.00870948009096,0.00867754993746,0.00859725670622
ab13_6,0.00904675469322,0.00895479216883,0.00905486332543,0.00901169383363
ab13_7,0.00852411167002,0.00858091996042,0.00875875306382,0.00874563932368
ab13_4,0.0126896100679,0.0125681011236,0.0126958792279,0.012586354091
ab13_5,0.0092148545927,0.00916026292226,0.0093797245552,0.00948168347437
ab13_2,0.00883631909523,0.00880972569702,0.00898556969747,0.00882260104188
ab13_3,0.0100464954724,0.0100886316967,0.010103391551,0.0100406256015
ab12_9,0.0135698313163,0.0135973754018,0.0135718002969,0.0135719329878
ab13_1,0.0146644792809,0.0148323451375,0.0151964312943,0.0153075614936
aa14_10,0.00733300274912,0.0,0.0,0.0
ab12_6,0.00809148147003,0.00803362609285,0.00793941486904,0.00784881603714
ab12_5,0.00867890063819,0.00862129888082,0.00862446696103,0.00872122154295
ab12_4,0.0118525228023,0.0118314161639,0.0117549551213,0.0117265622922
ab12_3,0.00769442919515,0.00773615647606,0.00772878793229,0.00774020396239
bb13_12,0.012033043708,0.0120498118936,0.0120578975863,0.012035995692
ab13_8,0.0151881277566,0.015273560414,0.0155924337889,0.0157147268888
ab13_9,0.0151336659399,0.0150557954703,0.0152834496646,0.0152151566419
ba16_13,0.0181892510403,0.0182577699569,0.0186426608502,0.0188368897406
ba16_12,0.0174272680552,0.0175258755504,0.0176917460705,0.0178491652446
aa9_8,0.00929015783271,0.00929338532083,0.00928673145256,0.00928015542215
aa15_11,0.0078309460282,0.00780107695987,0.00772565982388,0.00775271622804
aa15_10,0.00884717542802,0.0088516210334,0.00886164473434,0.00888075262283
ab12_11,0.012542983731,0.0124999935276,0.0122438942358,0.0122078615561
ab12_10,0.0131194547819,0.0131497690531,0.0130922678659,0.0129697399481
ba15_12,0.0146514874829,0.0146292055018,0.0144619844351,0.0145996163345
ba15_13,0.0159069714836,0.0160297639056,0.0162644062579,0.016451419816
aa8_1,0.00886127032317,0.00893201291148,0.00901974732648,0.00909647151362
aa15_1,0.0,0.0,0.00734477453414,0.00739080109778
aa8_4,0.00777232909459,0.00780733186919,0.00787599708932,0.00795095578183
aa16_15,0.0107576482453,0.0107939048658,0.0108460196677,0.0109145108925
ba14_13,0.0145617403135,0.0144447094454,0.0143804252513,0.0142280231516
ba14_12,0.0130746203804,0.013127441608,0.0129167776167,0.0128496748218
ab12_8,0.013836096632,0.0139676421767,0.0139834023118,0.014003209401
aa9_1,0.00815090590627,0.00817220377479,0.00818316346229,0.00818484098566
aa15_9,0.00926483577902,0.00925132837427,0.00924597641723,0.0092685150187
aa15_8,0.00919236934172,0.00924602657787,0.00929969056443,0.00938548062422
aa14_8,0.00758970464407,0.00760302098875,0.00758992742994,0.00757147247579
aa14_9,0.00733397884895,0.00732340793299,0.0,0.0
aa16_10,0.0105640487439,0.0105354933208,0.0106198483455,0.0105739970646
aa16_11,0.00990226640853,0.00985030192833,0.00979939943565,0.00979335649461
