,0,1,2,3
aa16_6,0.00686371654253,0.0069038616721,0.00694776357849,0.00701169365458
aa13_11,0.00697507530764,0.0069511316748,0.00696389354333,0.00691196255278
ba16_3,0.0199129039798,0.0200152728708,0.0198339828187,0.0196566288304
ba16_2,0.00740528415084,0.0075023440479,0.00762653779051,0.00770228769114
ba15_2,0.00838471659536,0.00840958240314,0.00856358173295,0.00870305255489
ba15_3,0.0206826733546,0.0201861625321,0.0198525363239,0.0198030462255
aa16_9,0.00671769037562,0.00678765993519,0.00679606343278,0.0
aa7_1,0.00850363735946,0.00854842450227,0.00869000220413,0.00872706666269
bb3_2,0.0106279949624,0.0107308685581,0.0108355170468,0.0109345672236
ba10_3,0.0186031100308,0.0184883777449,0.0182554761204,0.0178246700905
aa7_6,0.00776195399899,0.00776090176294,0.00771350899509,0.0076780541363
aa11_6,0.00722492655456,0.0072101180897,0.00721979557601,0.00722745713912
aa6_1,0.00831849365374,0.00832913668037,0.00842604245929,0.00854817044453
aa13_12,0.00723069929644,0.00728240963625,0.00739325039508,0.00751357512689
ba11_3,0.0199520701398,0.0195773874648,0.0192968019324,0.0187227505521
ba6_2,0.00772489877864,0.00778922731307,0.00786775978406,0.00796854484547
ba13_2,0.00798725039102,0.00810120819685,0.00827083550323,0.00840285194014
ba13_3,0.0197196476653,0.0196601805546,0.0192558332405,0.0191144062047
ba12_3,0.0190024070038,0.0188182254138,0.0189868129137,0.019345057305
ba12_2,0.00740628227715,0.00753532357391,0.007724168732,0.00783278531948
aa15_13,0.00749649058926,0.00749709453615,0.00750027182713,0.00758786947875
aa15_12,0.00710377324721,0.00709522055893,0.00722746259951,0.00740487300717
ba4_3,0.0166702731093,0.0165929332573,0.0162876410531,0.015873535057
ba5_2,0.0,0.0,0.0,0.0068282213625
ba5_3,0.0173613079306,0.0170652582846,0.0166366902065,0.0162482936221
ab2_1,0.00881113233943,0.00892491142823,0.00916768228911,0.0093338831588
aa9_1,0.00774775668227,0.00776958855175,0.007814546692,0.00786170062402
ba6_3,0.0193901253266,0.0192530899479,0.0188646397226,0.0187440045436
aa9_6,0.00849981465411,0.00850147442802,0.00835112776033,0.00829198726089
aa12_1,0.00782290107063,0.00781068104005,0.00798211939673,0.00814103747604
ab3_1,0.0214222572192,0.0212549312451,0.0212951368967,0.0212589673195
ab3_2,0.0103682220649,0.0102335193004,0.010055665497,0.00988834521731
ba7_2,0.00820271005228,0.00830879078872,0.00843477716227,0.00846449076229
ba7_3,0.0184669939377,0.0183806744064,0.0181898869264,0.0179852830121
aa13_1,0.00859286384111,0.00863439894946,0.00875031071441,0.00884770589603
ba9_2,0.00839067455693,0.00848331384874,0.00850604664912,0.00850862956423
aa13_7,0.0077884032879,0.0078652689249,0.00791157174773,0.00790999150687
ba9_3,0.0184017573575,0.0183587103468,0.0178755633917,0.0174089466598
aa13_9,0.00886513778627,0.008869607501,0.00872375815409,0.00862794538617
aa13_6,0.00791272747887,0.00797566319977,0.00795710660423,0.00801181480634
aa15_6,0.00874670182546,0.00868237508261,0.00868874547071,0.00882651428793
ba14_3,0.0180606439919,0.0181186399684,0.0179767742367,0.0179419988063
aa12_9,0.00766671658262,0.007683334083,0.00765484328493,0.00768345871823
aa15_9,0.00714245726075,0.00714710779305,0.00710625373611,0.0071326534865
ba8_3,0.0151672362249,0.0151300379029,0.0151166283026,0.0152072500156
aa9_7,0.00734920333838,0.00741978231548,0.00736295831813,0.00729612532404
aa15_1,0.00777252792221,0.00773742303146,0.00780437083831,0.00788798516315
aa15_7,0.00836734349981,0.00836259091684,0.00839776449102,0.00843318434152
aa16_13,0.00703479830764,0.0071280350592,0.00716482785467,0.00718063225523
aa12_6,0.00739304481405,0.00738422873482,0.00743509144992,0.00757252991296
aa12_7,0.00720137158432,0.00726464507553,0.00741447393799,0.00748771701463
