,0,1,2,3
ba16_5,0.0133726856368,0.0133827064884,0.0134199901097,0.013499640949
ba16_4,0.0139682705576,0.0139510682916,0.0137435299785,0.0138890832151
aa16_1,0.00759027577436,0.00758645279358,0.00762046127671,0.00771734557234
aa16_2,0.00817598048367,0.00816715854328,0.00813883221233,0.0081531882798
ba15_4,0.0167587080038,0.0164857978597,0.016036086673,0.0158757181861
ba15_5,0.0152578016197,0.0154029873213,0.0155178709092,0.0154982754241
aa7_1,0.0,0.0,0.00705523650423,0.00715238214722
ab4_3,0.00986185330139,0.00979512327508,0.00963517428628,0.00953678592833
ba10_5,0.0127570683576,0.0127997940527,0.0128207168049,0.0127961224437
ba10_4,0.0127689619338,0.012633812709,0.0122341607451,0.0120390779172
aa10_1,0.00746867254167,0.00744267301899,0.00741059263427,0.00740575818859
aa11_2,0.00730221707373,0.00728034839652,0.00731742148961,0.00725918512769
aa11_1,0.00733647260688,0.00734909668473,0.00738320016776,0.00740397952172
ba7_5,0.0108705381665,0.0110671053122,0.0113281785015,0.0113690666295
ba11_4,0.013568941848,0.013506912701,0.0133791793407,0.0132429058938
ba11_5,0.0131101370446,0.0132007233117,0.0134510090322,0.0134562087989
aa15_8,0.00942343931309,0.00943470111905,0.00945743093947,0.00944965066946
ba13_4,0.0125560991655,0.0124350969763,0.0122618325339,0.0122417043607
ba13_5,0.0128645473858,0.012976347645,0.0132430743903,0.0134674253824
ba12_5,0.00892616036117,0.00895199979854,0.00915709252723,0.00946034152699
aa2_1,0.00915317244261,0.00917066943403,0.00921308977112,0.00926460245454
ab5_2,0.0118389760649,0.0119770567267,0.0123915851274,0.0124374154094
ab5_3,0.0102141900962,0.0102368761114,0.0102030600589,0.0100546775109
aa15_11,0.00755661187435,0.00754802531944,0.00756129619473,0.00749723130697
aa15_10,0.00731277909214,0.00728544396938,0.00716557420905,0.00706337327849
aa15_14,0.00777022287738,0.00779741619358,0.00779531563931,0.00777586083142
ab5_1,0.0147389297531,0.0148704751408,0.0151898899532,0.0155709537708
ba6_5,0.011871732041,0.0118692427294,0.0120112950435,0.0122467977434
ba6_4,0.010967194834,0.010840367309,0.0107927499337,0.0108010902021
ba8_4,0.0133322865237,0.0132110193863,0.0130061348655,0.0129243933603
aa8_2,0.00721394433785,0.00721057749773,0.00725437722135,0.00723447502467
ab4_2,0.0116285581369,0.0115081666288,0.0114030169562,0.0113790763684
ab4_1,0.0154651822913,0.0152876151853,0.0151278624844,0.0152961854861
aa8_1,0.00739088021564,0.00742194008138,0.00753781569457,0.00767878845944
aa15_1,0.00882658123216,0.00885483218389,0.00889398718649,0.00892689109696
ba9_4,0.0117757271336,0.0115933756406,0.0113078474209,0.0110928092947
ba9_5,0.0117544339425,0.0116954165261,0.0116236083952,0.0114613131885
aa13_2,0.00741026067658,0.007379147215,0.00738055968512,0.00736736104504
ba7_4,0.0094328993007,0.00954058151453,0.00969517093842,0.00980822879109
aa13_8,0.00761733744672,0.00766030514276,0.00772222640106,0.00776584754858
bb5_4,0.0085954591891,0.00862552252723,0.0085428155373,0.00858349181751
ba12_4,0.0084040739693,0.0083021745097,0.00826797805896,0.0084351270382
aa14_1,0.00733625541171,0.00735700566174,0.00737959583322,0.00740621323266
ba14_5,0.0130956359295,0.0132051002688,0.0133476017859,0.0134123224909
ba14_4,0.013958287586,0.0140337939518,0.0138901063197,0.0140128743559
ba8_5,0.0126418717869,0.0127848454962,0.0130657171773,0.0133120313382
aa15_2,0.00931333451554,0.00933925137351,0.00937518703591,0.00935473433512
aa14_8,0.00709815995682,0.00714801967371,0.0072016839622,0.00722800485053
aa16_15,0.00701005172136,0.00698421835864,0.0,0.0
aa15_7,0.0071112679397,0.00720891386146,0.00732779830471,0.00735037190512
aa13_1,0.00832747167728,0.00836386626081,0.00844272943527,0.00853280555024
