,0,1,2,3
ab16_9,0.0185723601174,0.0186165519944,0.0184245770486,0.0180927734343
ab16_8,0.0067291070137,0.00658764451219,0.00651589574696,0.00646970848868
ba11_10,0.01006050539,0.0101120083367,0.0104652126467,0.0108765169338
ab16_4,0.00617334374921,0.00620185964746,0.0061625113585,0.00618301851502
ab14_9,0.015120248913,0.0151167148085,0.0150299951153,0.0148507784422
bb14_10,0.00881005675367,0.00872368368492,0.00872348485303,0.00873420766905
bb13_10,0.00819834207994,0.00818176482267,0.00823619137743,0.00825950136424
ab15_9,0.014833953965,0.0149216590843,0.0149012174138,0.0146220431347
ab12_9,0.0137620211448,0.0140126088461,0.0142470595376,0.0140737030881
bb10_1,0.00701645706388,0.00690151649675,0.00679402621436,0.00668168033536
bb10_5,0.00658987155201,0.00662670111356,0.00665890576575,0.00668812595896
bb10_6,0.00797632154062,0.00791559157972,0.00796087973108,0.00807294535645
ab13_9,0.0102037693107,0.0102081422215,0.0103014166896,0.010119893624
ab10_1,0.0109380254239,0.0111918494212,0.0116938409189,0.0122990711234
ba16_10,0.00852991552426,0.0086991197918,0.00887661638416,0.00908850930137
ab10_3,0.0134197344302,0.0135812225208,0.0138272763093,0.0141435458703
ab10_2,0.0110710987196,0.0111153032794,0.0113147347892,0.0115307817841
ab10_5,0.0123036358626,0.0122546034069,0.0125508349367,0.0129385944501
ab10_4,0.0136531848387,0.0138591278172,0.0142529696628,0.0146819171131
ab10_7,0.0138330906091,0.0140591685318,0.0144452054054,0.0148856292171
ab10_6,0.0105382148775,0.0106536315568,0.0108038993044,0.0109398044463
ab10_9,0.0322971807839,0.032329131776,0.0327353508849,0.0330376939305
ab10_8,0.0164376686743,0.0161024702966,0.0164524327695,0.0168522455744
ab11_8,0.00694927403394,0.00678780400196,0.006654678183,0.00654042299015
ab11_9,0.0189073227471,0.0189287986518,0.01827392306,0.0176576659071
ab16_7,0.0,0.0,0.0,0.00607056127865
ba15_10,0.00849473165057,0.00857110798476,0.0087465963668,0.00900389735155
aa9_2,0.00783043505915,0.00774536748488,0.00763152915067,0.00758580943009
ba13_10,0.0108540137285,0.0109113248155,0.0110811505815,0.0114140533984
aa9_7,0.0134879969777,0.0137286145812,0.0138801569366,0.0138381201827
aa9_6,0.0096293574997,0.00975647929721,0.00974922439001,0.00956907759173
aa9_5,0.00780698839587,0.00782642464631,0.00786775497984,0.00795009873365
aa9_4,0.0121110052515,0.012276212657,0.0122977059259,0.0124196124228
bb16_10,0.0101290511327,0.010013743859,0.00999748464042,0.00999020968045
bb15_10,0.00793012694201,0.0078944978698,0.00792200153326,0.007929986785
aa9_8,0.00935606243942,0.00923784415793,0.00921432035269,0.00923672978146
ba9_4,0.00981532008176,0.0097455375022,0.00960927493057,0.00938019427601
ba9_5,0.0127334408127,0.0128201386852,0.0127213099711,0.0123957967026
ba9_6,0.0111829041079,0.0110848775023,0.0109903488314,0.0110178497528
ba9_7,0.00721179605533,0.00716121831936,0.00709313584551,0.00704269395854
ba9_1,0.018332716516,0.0181173983552,0.0175061657771,0.0167138263953
ba9_2,0.0128087123394,0.0130544724427,0.0131129132595,0.0128413732178
ba9_3,0.0078720872179,0.00792212677373,0.00793035776689,0.0077678181674
aa13_9,0.0102115848236,0.0102600372001,0.0101291949205,0.0101518665502
ba14_10,0.0103615395004,0.0104588242176,0.0106342903869,0.01096265437
ba9_8,0.0127469336012,0.013026153119,0.0129701382535,0.0127427259193
bb12_10,0.0107059874019,0.0108857816772,0.0110845209665,0.0111468409219
aa12_9,0.00817495753776,0.00802781682244,0.00776686938178,0.00767167587377
aa9_3,0.0125480960406,0.0125572910802,0.0124716778291,0.0125543862135
bb11_10,0.00832051039571,0.00831536831541,0.00824717494083,0.00820083272681
ba8_1,0.00651343017056,0.00631765960877,0.00618132763141,0.0
