,0,1,2,3
bb12_2,0.0096691040107,0.00983651076909,0.00990222459577,0.0098877597694
bb12_3,0.0,0.0,0.00838783967554,0.00843499858392
bb13_9,0.00976071450835,0.00948288808522,0.00931220807667,0.00928866934581
bb12_1,0.00929534391065,0.00944981563426,0.00960589476122,0.00958746490474
ab16_7,0.0103012325674,0.0104882999621,0.0106673354777,0.0107859597439
bb13_2,0.00944183107718,0.00936115861464,0.00934009665633,0.00930913629239
bb12_8,0.0100299276352,0.0101262846584,0.0102470299422,0.0103116603909
bb12_9,0.010114773565,0.0101034421709,0.0100979187407,0.0101120742804
bb15_12,0.00971663054174,0.00988639579001,0.010020773603,0.0100577591603
ab15_6,0.00979255079346,0.00983235870157,0.00971932824721,0.00963070799738
ab15_7,0.0106573354506,0.0107117780875,0.0107636136585,0.0108176794676
bb14_10,0.00852987986216,0.00848674569337,0.00844533901401,0.00836834828349
aa7_6,0.00937231739837,0.00914629089091,0.00898001163102,0.00889907866445
ab14_7,0.011947282819,0.0119447394545,0.0120452750154,0.0121039372949
ab14_6,0.0102360850172,0.0102175922642,0.0101335757223,0.0100471367812
bb16_12,0.0089215138248,0.00924350726958,0.00936226990184,0.00940523723215
ab13_6,0.0113451579615,0.0112388237767,0.011114541765,0.0110334186354
ab13_7,0.0123967313075,0.0123134870667,0.0123558210707,0.0124114691799
bb16_13,0.00865926800276,0.00872566858796,0.00877774020558,0.00883663054028
ab12_7,0.0119863334696,0.0121659701713,0.0124038684333,0.0125105534142
ab12_6,0.0118798241946,0.012022982373,0.0120625604174,0.012048021467
bb13_8,0.0091543033299,0.00908818868183,0.00905440670992,0.0090123037193
bb14_12,0.00969122341017,0.00983385216768,0.0100344086129,0.010091766355
bb14_13,0.00849386421264,0.00842635899948,0.00840834267054,0.00837004873012
bb13_11,0.00849701533973,0.0085112867533,0.00858019534005,0.00861843610347
bb13_10,0.00990549120604,0.00972451472025,0.00961137739378,0.00950809058338
ab10_7,0.0109481329664,0.0108563401918,0.0108506974799,0.0108015648652
ab10_6,0.0103136586342,0.010260905145,0.0101474737352,0.0100582137431
bb13_12,0.00839904515867,0.00847075925216,0.00859156951727,0.00856235854115
bb13_3,0.00847197871181,0.00848291132911,0.00855398558644,0.00859878688855
ab11_6,0.00931328245943,0.00946209970576,0.0094546976429,0.00947408475661
ab16_6,0.00891957388134,0.00903956026299,0.00901091301355,0.00903210311597
ba6_5,0.00867316622282,0.00847612297674,0.0,0.0
ba6_3,0.00958710402265,0.00962279088439,0.0095308210286,0.00956667852653
bb13_1,0.00948845428238,0.00932666487813,0.00921926994964,0.00917375252775
ba6_1,0.00998576951524,0.010026976619,0.00991730623239,0.00975064459655
ba6_2,0.00918851083421,0.00919580830764,0.00912919387528,0.00901369327932
bb15_13,0.00839128585849,0.00837597733076,0.00837514496516,0.00837924258309
ba7_5,0.0102800222196,0.0101876287266,0.010146900547,0.010328409209
ba7_2,0.0109497662019,0.0109968686906,0.0111144567944,0.0111821661691
ba7_3,0.0103605140501,0.0105067080198,0.010770387753,0.0109283005717
ba7_1,0.0105682349586,0.0105887805534,0.0106850934557,0.010756427206
ab9_6,0.0104300565089,0.0102410801155,0.0100622537534,0.0100416721302
ab9_7,0.0121856773793,0.011965921723,0.0118137321813,0.0117719507676
ab11_7,0.0108007820113,0.0109534851484,0.0111454681466,0.011243736204
bb12_10,0.0096023966912,0.00976799136831,0.0098670892951,0.00981331168012
bb12_11,0.0096676228789,0.00988971210963,0.0100027480125,0.0100060918374
bb14_3,0.0090497163489,0.00907491973283,0.00911965014934,0.00916689470255
ab8_7,0.0114253057738,0.0113783408088,0.011533996873,0.0115115641576
ab8_6,0.0100952659708,0.0100474222736,0.00991442041067,0.00976101414981
bb14_9,0.00857365766234,0.00841429781721,0.0,0.0
bb8_3,0.0,0.0,0.00844069668425,0.00842490524358
