,0,1,2,3
aa12_7,0.00851677706473,0.00849923225743,0.00849194210602,0.00846881036938
aa16_7,0.00849738246977,0.00852020845918,0.00855539852886,0.00858130203155
aa7_6,0.00832761327879,0.00834515910931,0.0083577304973,0.00836688487357
aa7_1,0.00927790820227,0.00931002671272,0.00935101660685,0.00937533647453
aa10_7,0.00926071343291,0.00926354328628,0.00915185374723,0.00897099924705
aa10_4,0.008926263772,0.00888757250523,0.00876599794441,0.0085954392956
aa7_2,0.00940502715751,0.00938102379741,0.00931686091934,0.00928548528218
aa7_5,0.0095125502714,0.00955902031561,0.00952823561118,0.00948161887983
aa7_4,0.00962210217272,0.0096662218812,0.00962167503679,0.00952764051064
aa11_8,0.00849258935025,0.00849595234001,0.00851077395177,0.00852903852839
aa11_7,0.00911778143684,0.00912631833051,0.00909785845164,0.00905483208586
aa6_1,0.0,0.0,0.00830499712816,0.00840098950095
aa6_2,0.00878439799722,0.00881005904446,0.00884809438767,0.00888043137784
aa11_4,0.008447105585,0.00845152037054,0.00846393348919,0.00847454580536
aa6_4,0.00860526862442,0.00869507269391,0.00877561973997,0.00882254655898
aa6_5,0.0088761779692,0.0089212833347,0.00893825426581,0.00893101899259
aa10_8,0.008740406511,0.00869522735029,0.00857164460188,0.00843251414081
aa5_4,0.00953218548266,0.00954078045627,0.00943334238309,0.00930914607482
aa5_2,0.00896503331958,0.00892374434806,0.00882995692219,0.00876804444329
aa5_1,0.00896837015134,0.00899697048463,0.00903820929799,0.009069158336
aa14_10,0.00825364899694,0.0,0.0,0.0
aa4_2,0.00884887176504,0.00885755449772,0.00887065196004,0.00888520206974
aa4_1,0.00864562699625,0.00869379396887,0.00872627304988,0.00871204260992
aa11_5,0.00882593399962,0.00883469380627,0.00876180819641,0.00869476905624
aa10_5,0.00911043193022,0.00915494266939,0.00901267968993,0.00877869430751
aa2_1,0.00863019658535,0.00865382325037,0.00869156454455,0.00872400217865
aa9_8,0.0083568288181,0.00833083342379,0.00836513435059,0.00845523987536
aa11_6,0.0,0.0,0.0,0.00827704216425
aa9_2,0.0086220459954,0.00862847992007,0.00864287926643,0.00866412150922
aa11_2,0.00835495892121,0.00832728367957,0.00829732723824,0.00828725513393
aa9_7,0.00906414795476,0.0090817190721,0.00907248522272,0.00907023157313
aa9_6,0.0,0.00824815921497,0.00830480356189,0.00835966006252
aa9_5,0.00864289442967,0.00865196641801,0.00857215196829,0.00856646136984
aa9_4,0.00848026965511,0.0084867428683,0.00850336425501,0.00852358399583
aa8_2,0.00827013814058,0.00826015206514,0.00826200276919,0.0
aa8_1,0.0,0.0,0.00831273957704,0.00840899299064
aa8_6,0.008449298655,0.0085104354954,0.00863455442094,0.00874680384314
aa8_7,0.00917972777024,0.00920594647489,0.00924792748655,0.00927894646507
aa8_4,0.00873268817774,0.00874875144556,0.00880598796465,0.00885919266998
aa8_5,0.00899568563595,0.00900404033223,0.00898084106802,0.00894053573782
aa10_6,0.00831597747284,0.00835343526738,0.00829164250617,0.0
aa13_7,0.00867364370343,0.00857706309754,0.00839701621079,0.00829244487247
aa15_7,0.0,0.0,0.0,0.00831410600812
aa14_2,0.00861057191473,0.00855305907132,0.00848988071445,0.00849145687096
aa14_1,0.00829937607537,0.00832303604681,0.00839235764511,0.00847171360975
aa14_6,0.00847082112272,0.00849027142045,0.00851963267105,0.00854473669511
aa14_7,0.00939321002829,0.00941071344798,0.00938922637268,0.00936713227253
aa14_4,0.00857169655068,0.00857037834879,0.00857492792662,0.00858234315391
aa14_5,0.00898955164994,0.00900266966913,0.00893265043862,0.00890292224276
aa10_2,0.00837776074982,0.00830671701503,0.0,0.0
aa14_8,0.00845656797349,0.00846841986773,0.00849270566144,0.0085168686748
aa14_9,0.00836805362624,0.00836103521935,0.00835596172313,0.00836658118276
aa12_4,0.00834377043545,0.00836313256047,0.00839885943713,0.00843164707571
aa12_2,0.00848494306801,0.008471692194,0.00845610403194,0.00846430791063
aa11_10,0.00838110508878,0.00832089792716,0.0,0.0
