,0,1,2,3
bb16_8,0.00770933755442,0.00777440827729,0.00775498534627,0.00776429553394
ab16_5,0.0153777233676,0.0155362389639,0.0156710660048,0.0157497767953
ab16_4,0.0109896362776,0.011109098476,0.0112694552042,0.0113914349271
ab15_4,0.012479732606,0.0125789111382,0.0128235523046,0.0130088047155
ab15_5,0.0175478238421,0.0175849511186,0.0177574261779,0.0176824200256
bb11_7,0.00713448805913,0.00714598016336,0.0071682124458,0.00719503462665
ab15_3,0.00752183805654,0.00736528069607,0.0071684990527,0.0
ab14_5,0.0152894117663,0.0152737500738,0.0153178599761,0.0151254046621
bb11_8,0.00790647888296,0.00791239075324,0.00782922847518,0.00780997158953
bb8_1,0.00806078568573,0.00804176294121,0.00799962631093,0.00806081673076
ab14_4,0.0109579947473,0.0110183867359,0.011080396449,0.0111555878195
aa6_5,0.0,0.00708941453241,0.00715952298762,0.00719265242743
ab13_4,0.00713183743788,0.0,0.0,0.00716301792887
ab13_5,0.0119211940445,0.0117727573001,0.0116686340644,0.0115884460282
aa5_3,0.0088221526902,0.00865637701302,0.00846481594304,0.00846472603817
ab12_5,0.00885208345166,0.00889430096468,0.00904545369162,0.00902737016604
bb14_11,0.00846789465615,0.00848257039363,0.00840343081587,0.0084553625171
ab10_5,0.0144585623804,0.0145575795248,0.0146263378823,0.0142549604919
ab10_4,0.00988866281098,0.00994562207746,0.00994560454578,0.00984847256509
bb15_8,0.0114297143069,0.0115034990257,0.0116079304916,0.0116793746285
ba4_1,0.0109310191666,0.0109072161256,0.0108613535436,0.0108971342628
ba4_2,0.00818557696166,0.00818026384438,0.00831101674041,0.00839071682016
ba5_1,0.0162618705992,0.0162936784742,0.0163609070101,0.0164768554546
ba5_2,0.013117316188,0.0131880103573,0.0136149435419,0.0138430228462
ba5_3,0.00815609706512,0.00832889099937,0.00860918514631,0.00870573167771
ab11_4,0.0116668345544,0.0117537329769,0.0117869446353,0.0118281120595
ab11_5,0.0167871373469,0.0168714881325,0.0169698834577,0.0170494206499
aa5_4,0.00950358742546,0.00962833263952,0.00987491532637,0.00990526882413
bb15_11,0.00909646292267,0.00909289495109,0.00907127740247,0.00906661190617
bb16_11,0.00761513074588,0.00767545772851,0.00763389714042,0.00763811044077
bb16_14,0.0085159381772,0.00859854249085,0.0085371315886,0.00852681679627
bb16_15,0.00984169216452,0.00990320379557,0.00988760355558,0.00988150799675
bb11_1,0.00797558085516,0.00795553921442,0.00789778123134,0.00791084670621
ab9_4,0.0102420417776,0.0102455906343,0.0103211934591,0.010346606335
ab9_5,0.0157514473831,0.0158132828291,0.016092712215,0.0160867904379
ab8_5,0.0168537922607,0.0169572912227,0.0172368369997,0.0173516859391
bb15_1,0.0100003245079,0.00993586411814,0.00983593466152,0.00984397861269
bb15_14,0.00902305501989,0.00898827577914,0.00887805873138,0.0088407890538
aa12_5,0.00788939018611,0.00789313248995,0.00780425423229,0.00776170926802
ab6_5,0.0101209591421,0.0100723533755,0.010113148295,0.0102044800813
ab6_4,0.00768208243951,0.00764526645812,0.00759679739656,0.00762892670955
bb14_7,0.00729870671412,0.00732063376729,0.00735326998081,0.00735039816539
bb15_9,0.00907520437288,0.00905833521173,0.00905425793886,0.00903733798333
bb14_1,0.00894917291246,0.00890411334876,0.00880902016466,0.00881298943657
ba5_4,0.00783536533893,0.0077978695806,0.0077230354533,0.00777578142086
ab7_4,0.00921852469706,0.00928063615928,0.009403290343,0.00957832495994
ab7_5,0.0123772331485,0.0123539805508,0.0124994711698,0.0126474273138
bb15_7,0.00833285847916,0.00834679038645,0.00845220857903,0.00848294897675
ab8_4,0.0116832718542,0.011733999234,0.0117617107593,0.0118856077044
bb14_8,0.00882083119649,0.00885844041014,0.0087614837831,0.00881679213868
bb14_9,0.00764003345492,0.00760754624529,0.00754547764918,0.00753396186837
