,0,1,2,3
aa16_5,0.00590141789954,0.00595097699805,0.00601734895682,0.00598151000574
aa16_6,0.00881373564954,0.00869089987229,0.00867469389439,0.00863250410796
aa16_7,0.0117133495718,0.0117108863698,0.0119334957966,0.012213471052
aa7_6,0.00980489908608,0.00980201408646,0.00978948752323,0.00972771527409
aa16_8,0.0109459967982,0.0108813860371,0.0109453524878,0.0110625839436
ab15_4,0.0159808427524,0.015697478627,0.0152147346178,0.0145054073308
ab15_5,0.0210098776596,0.0212115139432,0.0208200650153,0.0199693359449
ab15_6,0.0208501723015,0.0204509930957,0.0197386924035,0.0190803779994
ab15_7,0.0247096192364,0.0246401677626,0.0241565826599,0.0236963535956
aa7_5,0.00657107332452,0.00662871638792,0.00663572055552,0.00661351506927
ab15_1,0.0208408042519,0.0212761693458,0.0216166012638,0.0213352382634
ab15_2,0.0171957071971,0.0173210931098,0.0172344429647,0.0169973324923
ab15_3,0.0143450343077,0.0138718697668,0.013432488181,0.0132392396946
ab14_7,0.00792404981052,0.008003191585,0.00814134620767,0.00834287179627
ab14_6,0.00562478306679,0.0,0.0,0.0
ab15_8,0.0271104077158,0.0267582116769,0.0262547052045,0.0257800540759
ab15_9,0.0162415924456,0.0163945100555,0.0162430322989,0.0158449457529
ab13_7,0.00697197413916,0.00701934002875,0.00711094102694,0.00722651570871
ab14_8,0.0134126648985,0.0134810161084,0.0138389945721,0.0142714053737
ab13_8,0.00944988917341,0.00942545767784,0.00947475077599,0.00956822625591
bb14_11,0.00575356139953,0.00578673668997,0.00588398116168,0.00603913564155
ba16_11,0.00666087337915,0.00666454828654,0.00676877694086,0.00692683935263
ba16_13,0.00774944871262,0.00768422084064,0.00777231877905,0.00783495626816
ba16_15,0.0239012068508,0.0232543963131,0.0233043464545,0.0229595426012
ba16_14,0.0074034850867,0.00739740698114,0.00757323077261,0.00774082659345
ab10_8,0.00747033113125,0.00742081329413,0.00751010863616,0.00765941099987
ab11_8,0.0123067474865,0.0123958124315,0.0126146170344,0.0129803831471
ab11_1,0.0,0.00570656093142,0.00581945272469,0.0059229573843
ab15_14,0.0129665247919,0.012879535109,0.0126195309895,0.0122870926889
ab15_12,0.0188707870635,0.0187707255662,0.0182498704005,0.0178792609671
ab15_13,0.0126884779927,0.0126330315597,0.0125541205038,0.0124668991651
ab15_10,0.0208136657108,0.0208351272628,0.0205589033599,0.020147743793
ab15_11,0.0130295262975,0.012966152509,0.0127557563465,0.0123962229875
ba8_4,0.00836909115518,0.00836975172719,0.00842642360745,0.00864503929123
bb15_11,0.00799517848276,0.00804111327025,0.00807643666433,0.008161734912
aa8_3,0.00670657241555,0.0066137468918,0.00657361768534,0.00660659078844
bb15_13,0.012567586813,0.0125902566219,0.0125417071164,0.0123897704189
aa8_1,0.00735892610249,0.00749585286834,0.00764113988662,0.00774713074575
aa8_6,0.0154684649716,0.0152221153434,0.0150399763354,0.0149865464442
aa8_7,0.0154005047805,0.0155020530899,0.0156146424422,0.0158354619558
aa8_5,0.00855279991044,0.00859151135842,0.00861167701707,0.0085673221898
aa7_1,0.00872145701131,0.00890404082955,0.00910388413169,0.00923406202492
ba7_4,0.00579623980998,0.00588136899632,0.00597096375692,0.00611121034829
bb15_14,0.0107170294488,0.0107655164901,0.0108598326461,0.0109247757457
ab9_8,0.00874878582935,0.00873220651885,0.00885194870286,0.00900689857
aa12_8,0.00996782276575,0.00984622545423,0.00969933089661,0.00976005944223
bb15_4,0.00653593827586,0.00661279011072,0.00672964528251,0.00690499837002
ba8_2,0.00710140396282,0.00699793844802,0.00705347328272,0.00711284984511
ba8_1,0.00673495682059,0.00662628694224,0.00656877276449,0.00660942055855
bb15_3,0.00956780892072,0.00985334144792,0.0101026664002,0.0100950391722
aa12_7,0.00694757931506,0.00694746342711,0.0068941269955,0.00694816814587
