,0,1,2,3
bb13_7,0.00921251625311,0.00916124771779,0.00904331423044,0.00900125952508
ba2_1,0.00914600020954,0.0092653900898,0.00931173575162,0.00918909390156
bb13_1,0.00739993480729,0.00734803804812,0.00729255880644,0.00721901125365
ba10_7,0.00724327633987,0.00731390978384,0.00734289631549,0.00736755094252
ab13_11,0.00716374314277,0.00722742977896,0.00723930598789,0.0072003627498
ab15_2,0.0105806596441,0.0106283614149,0.0109568011878,0.0110430584182
ab15_3,0.0116115197276,0.0116863690151,0.0119394730615,0.0121658435019
bb15_4,0.00921411305955,0.00922643719043,0.00930371240907,0.00936624920962
aa11_3,0.00886375718298,0.00901797950391,0.00913772271078,0.00920886797731
aa11_2,0.0087950214485,0.00885303513882,0.00899360969615,0.00896777791603
ab13_2,0.00795602032507,0.00798949679466,0.00804512650083,0.00808250243378
ab13_3,0.00893823985907,0.00894145514101,0.0089054539375,0.00889446918063
ba11_7,0.0112862741971,0.0113102511549,0.0113510449611,0.0113492226612
ba11_4,0.00994524185777,0.0100155950917,0.0100582816023,0.0100734382263
ba11_1,0.00853071047948,0.00869132160978,0.00872946490937,0.00859827475769
ab16_3,0.00719603357167,0.00724915796466,0.00723120329426,0.00727718044262
aa3_2,0.00709656163869,0.00714944743517,0.00720593981196,0.00720735393125
ab5_2,0.00722073742713,0.00727171594761,0.00727670021965,0.00721466696294
ab5_3,0.0079282500696,0.00790271090919,0.0078529985915,0.00771461352047
ba14_5,0.00766427670975,0.00756555602235,0.0073805674408,0.00728506833259
bb7_1,0.00970252083193,0.0096699960093,0.00959427673676,0.00950227425006
ab15_14,0.0124368339658,0.0123715135474,0.0125119350749,0.012730601186
ab15_10,0.0,0.0069657033849,0.00712456672251,0.00720082677126
ab15_11,0.0112067831837,0.0113723182097,0.0117373154625,0.0119290148029
bb4_1,0.00748013688058,0.00748558899147,0.00738807536139,0.00727447302556
bb7_6,0.00792750023918,0.0079238586399,0.00796217664429,0.00798281079947
ab4_3,0.0105226709489,0.0105785711931,0.0106351827807,0.0106947654328
aa8_3,0.00786803936873,0.00789198875761,0.00788651232923,0.00797954315804
bb15_13,0.00744235345185,0.00744220235099,0.00747255073736,0.00749614828632
bb15_7,0.012157801467,0.0120522255023,0.0122719687935,0.012399088431
bb7_4,0.00983392334057,0.00970203918046,0.00957001669799,0.00951730243887
bb16_7,0.00753386536985,0.00745332940536,0.0073691913756,0.00739246715807
ba14_13,0.00979572085332,0.00974504345202,0.00968452147201,0.00968713797232
ba8_1,0.0085500122031,0.00853996191465,0.00839536184666,0.00835235057409
ab15_8,0.00765940240207,0.00761511715855,0.00763504956316,0.0077444503692
ab4_2,0.00913652546918,0.00909939055282,0.00905843512294,0.00902416736832
aa14_2,0.00790964457327,0.00787598532832,0.00784433886135,0.0078219259444
aa14_3,0.00853535628316,0.00845801834281,0.00838551319281,0.00839451308914
ba14_1,0.0103208158238,0.010325719834,0.0102218117001,0.0101488610393
ba3_1,0.0101493265149,0.0101844977602,0.010168683523,0.0101104488622
ba14_7,0.0110528968622,0.010871289104,0.0106977594404,0.0106363504323
ba14_6,0.00698007490533,0.0,0.00695538462122,0.00700129955965
ab6_3,0.00733412446597,0.00737051394119,0.00746303036293,0.00750712443979
ba14_4,0.0106711190198,0.0105887825335,0.0104912395318,0.0105224170244
aa14_11,0.00710453775975,0.00709731808229,0.00706304186147,0.00706752630501
ba8_4,0.00705982038165,0.00698082420265,0.0,0.0
ba8_7,0.00995126007072,0.00981021269914,0.00961191674782,0.00966986573494
bb15_6,0.00744902404522,0.00745494045978,0.00764861342876,0.00777988932146
bb15_1,0.00742625587659,0.00748358305458,0.00756445256644,0.00757077195937
ab7_2,0.0114429498601,0.0114007730235,0.0114701901471,0.0114573630285
ab7_3,0.0121263877239,0.0121061828341,0.0121094273651,0.0121411056167
