,0,1,2,3
ba16_7,0.00966090137099,0.00978066809561,0.00985238929639,0.00997730266207
ba16_6,0.0122519305561,0.0124643331366,0.0127073828555,0.0128670706164
aa16_1,0.0,0.0,0.00766224108661,0.0077085254386
aa16_2,0.00863054600029,0.00870329943962,0.00875693005785,0.00877615984467
aa12_8,0.0,0.0,0.0,0.00756881082627
aa12_10,0.00758828988595,0.00762637656433,0.00768078240414,0.00768761659582
ba15_6,0.0114044283036,0.0114135078533,0.011361306159,0.0113222162338
ba15_7,0.010755200115,0.010616803633,0.0104577821977,0.0105238846619
ba10_7,0.01049251624,0.0105121547768,0.0105542266415,0.0106117982665
ba10_6,0.0117598676276,0.0117747873477,0.0117522558851,0.0116764937814
aa10_2,0.00789798970016,0.00791469966571,0.00790187948281,0.00785042906831
aa10_1,0.00837949168473,0.00839999276804,0.00842242863289,0.00840985371663
aa11_2,0.0,0.0076012215474,0.00758647960022,0.0
aa11_1,0.0081511992275,0.00814594210934,0.00813241401745,0.00812072521992
ab7_5,0.00977903907698,0.00977662493167,0.00977787574947,0.00978710313505
ab6_5,0.0102828806534,0.0102749219068,0.0102603248245,0.0102631188535
aa5_2,0.00791698862613,0.00785946227949,0.00774695735325,0.00767683585044
aa5_1,0.00793623365811,0.00790318200106,0.00787252137548,0.00787769842632
ab6_4,0.00952305560211,0.00960809009243,0.00971115334217,0.00954294821233
ba11_6,0.0113335842397,0.0113932367774,0.0114238012362,0.011416366341
ba11_7,0.00990613443786,0.00990734367874,0.00991996192289,0.00994943865375
aa16_11,0.0,0.0,0.0,0.00757409459547
ba13_6,0.0110496422794,0.0110800767214,0.0111125517048,0.0111202174887
ba13_7,0.00969952553008,0.00970483723231,0.00969104340535,0.00974448677139
ab6_1,0.0127060253608,0.012777759537,0.0128993134941,0.0129873938497
ab7_3,0.00777316354852,0.00776721553574,0.00777568524694,0.00777286704823
aa2_1,0.00956799746813,0.00959286772608,0.00963662525858,0.00966427761721
ba12_7,0.00955548144225,0.00959999498095,0.00975313909124,0.00992389711832
ba12_6,0.0106121078948,0.0106666429981,0.0107732407444,0.0106862879668
aa9_2,0.0,0.00759678901603,0.00762122492578,0.007657694051
aa9_1,0.00768421948092,0.00766748278799,0.00771387278033,0.00778386393153
ba9_7,0.00971948017708,0.00976037254411,0.00982897045718,0.00988785108063
aa15_2,0.00799377783157,0.00791899082984,0.00779317247768,0.00774806748557
aa8_2,0.00758299771708,0.0,0.0,0.0
aa15_1,0.00757562202506,0.0,0.0,0.0
aa12_1,0.00848381805408,0.00852092634753,0.00865086557969,0.00872928962028
ba9_6,0.0108533844898,0.0109069876349,0.0109820110695,0.0110342862337
aa13_2,0.0079675152954,0.00796446637736,0.00796521728371,0.00797973873441
ba8_7,0.00989962268246,0.00992978379319,0.00994004400403,0.0100270379091
aa12_9,0.00779485409652,0.0078269441921,0.00792566185346,0.00799903155788
aa14_2,0.00896944088811,0.00890050865664,0.00880337985906,0.00875900724231
aa14_10,0.00768878150805,0.00760877774137,0.0,0.0
aa14_1,0.00889293782142,0.00879095519097,0.00872381248785,0.0087079525793
ba14_7,0.0102721465332,0.0101212540052,0.00996425171262,0.00992030291461
ba14_6,0.0123760824718,0.0122657410184,0.012133080831,0.0120742483819
ab6_3,0.0100352685327,0.0100809623934,0.0100917820252,0.0100694395289
ab6_2,0.0115390953969,0.0116155536594,0.0116187050174,0.0115515316195
ab7_4,0.00815795759715,0.00825772323706,0.00847347756091,0.00861000381785
bb7_6,0.00912475117992,0.00904813491657,0.00892609756442,0.0088309066546
aa12_2,0.0083884970401,0.00842447124114,0.008555063243,0.00858002343759
ba8_6,0.0110582055798,0.0111803527046,0.0112196381163,0.0112077011949
aa16_12,0.00769442146094,0.00776923391635,0.00786216632047,0.00791960204491
ab7_1,0.0113904234651,0.0114155080878,0.0115286746636,0.0116529214507
ab7_2,0.0106706172607,0.0106930427457,0.0107047141769,0.0107056115828
aa11_10,0.00757782117977,0.0076045694383,0.00757515096212,0.0
