,0,1,2,3
ba16_5,0.0133223450151,0.0132537310742,0.0130767981996,0.0130183189211
ba16_4,0.0150240068965,0.0152280524709,0.0155129306439,0.0159904409122
ba16_7,0.0119663099449,0.0120550622383,0.0119397902093,0.0117979725018
ba16_6,0.0119532921571,0.0120444184208,0.0121834622316,0.0122961885003
aa16_1,0.00924371375654,0.00923658801389,0.00926562044227,0.00922591613029
ba16_3,0.0073162243261,0.00737776491598,0.00745096242767,0.00740753916472
ba16_2,0.0119957097096,0.0118500686243,0.0116749914181,0.0116459717224
ba16_9,0.0172401924092,0.0173525861428,0.0174973278006,0.0175073677081
ba16_8,0.0189455300698,0.018900572854,0.0187365101542,0.0184196535252
ab15_1,0.00948935748152,0.00944682416272,0.00948184413493,0.00946882953742
ab14_1,0.00887800912938,0.00886246364349,0.00897371515502,0.00904169756877
ba12_8,0.0,0.0,0.0,0.0068994172915
bb10_8,0.00738971527023,0.00731660833761,0.00723545073717,0.00714083031108
ab10_1,0.0160514319453,0.0159814984624,0.0161151931356,0.0159754751761
aa16_13,0.0,0.00695473666939,0.00704912887562,0.00707595997226
ab13_1,0.00771774332735,0.00774725966443,0.00783095718323,0.00790586096978
aa16_3,0.00755095703374,0.00742299162439,0.00724664825467,0.00721306638276
bb10_4,0.00781693567062,0.00779221825943,0.00780549435245,0.00781652948858
ab12_1,0.00720316539929,0.00707514098351,0.00696211265003,0.0
bb10_7,0.00749867805022,0.00745608170676,0.0073625474679,0.00727656986474
ba16_11,0.0133146708908,0.0132947957835,0.0132761937375,0.0132542234488
ba16_10,0.0155342809561,0.0153306375182,0.0150682749751,0.0147420634086
ba16_13,0.00815711919688,0.00803620938601,0.00787691127084,0.00777516297729
ba16_12,0.00778508858196,0.00769123912384,0.00765329686447,0.00755055017218
ba16_15,0.00884140867913,0.00879164299241,0.00881260814246,0.00868815698
ba16_14,0.0101547863695,0.0100551980023,0.0101499172255,0.0101517196421
aa3_1,0.00742228978603,0.0073413105248,0.00714207548697,0.0071008200393
ab5_1,0.0135455845326,0.0135269783401,0.0136310130535,0.0138682650181
bb10_9,0.00788995133106,0.00788653076781,0.00788703462198,0.00779730299026
ab11_1,0.0129638127395,0.0129657330072,0.0132232060196,0.0134456384858
ab2_1,0.0113668420354,0.0114200096184,0.0114220326292,0.0114290982368
bb8_5,0.00848216817636,0.00849894331203,0.00843516924907,0.00841246323685
ab3_1,0.0071615437144,0.00724880573964,0.00747964600471,0.0075625109946
ab4_1,0.013986811017,0.0140182424515,0.0142044812534,0.014439522515
aa13_1,0.00733804353436,0.00727868278528,0.00722631780004,0.00714425818622
bb8_7,0.00993019425356,0.00992784769652,0.00977430562383,0.00964896997437
ab9_1,0.0170237646607,0.0172356605257,0.0175270190636,0.0174797152999
aa16_12,0.00758340845832,0.00764209906471,0.00763258873814,0.00766350589524
bb9_8,0.0103284777277,0.0103166166726,0.0102281895364,0.0100876334815
bb9_4,0.0102669804389,0.0104438960078,0.0107480128481,0.0109900281074
bb9_7,0.0085199628142,0.00858995211492,0.00856685191244,0.00852090223826
bb9_6,0.00721936787572,0.0072825368472,0.00741333669602,0.00744269660195
ab6_1,0.0105539145347,0.0106415232346,0.0107495881124,0.0106949195412
ab8_1,0.0184323037818,0.0185554190598,0.0186272960275,0.0182889648806
bb8_4,0.0122662787968,0.0123600300877,0.0124519206659,0.0125612391475
aa12_1,0.0079915873266,0.00814195934507,0.00835694984932,0.00846482542055
bb8_6,0.00818195180065,0.00821743843903,0.00824503408166,0.00821838692065
bb7_4,0.00848205877011,0.00847244590511,0.00842447318471,0.00847793886213
ab8_3,0.00699027425182,0.0,0.0,0.0
ab7_1,0.0122296862698,0.012176128766,0.0121402686856,0.0121175739652
bb8_2,0.00702630007993,0.00699114971338,0.00690808826342,0.00690792871264
bb11_4,0.00753507724777,0.00754468939109,0.00761341934755,0.00773106945507
