,0,1,2,3,4,5,6,7,8,9,10,11
ba3_2,0.00166524321092,0.00165591352774,0.00164811157046,0.00164119009724,0.00163461211815,0.00162865469742,0.00162389769253,0.00161951418482,0.00161629482798,0.00161336841073,0.00161079174695,0.00160856573142
ba2_1,0.00166524321092,0.00165591352774,0.00164811157046,0.00164119009724,0.00163461211815,0.00162865469742,0.00162389769253,0.00161951418482,0.00161629482798,0.00161336841073,0.00161079174695,0.00160856573142
ab2_1,0.00166524321092,0.00165591352774,0.00164811157046,0.00164119009724,0.00163461211815,0.00162865469742,0.00162389769253,0.00161951418482,0.00161629482798,0.00161336841073,0.00161079174695,0.00160856573142
bb3_2,0.00166524321092,0.00165591352774,0.00164811157046,0.00164119009724,0.00163461211815,0.00162865469742,0.00162389769253,0.00161951418482,0.00161629482798,0.00161336841073,0.00161079174695,0.00160856573142
bb3_1,0.00166524321092,0.00165591352774,0.00164811157046,0.00164119009724,0.00163461211815,0.00162865469742,0.00162389769253,0.00161951418482,0.00161629482798,0.00161336841073,0.00161079174695,0.00160856573142
ba3_1,0.00166524321092,0.00165591352774,0.00164811157046,0.00164119009724,0.00163461211815,0.00162865469742,0.00162389769253,0.00161951418482,0.00161629482798,0.00161336841073,0.00161079174695,0.00160856573142
aa3_1,0.00166524321092,0.00165591352774,0.00164811157046,0.00164119009724,0.00163461211815,0.00162865469742,0.00162389769253,0.00161951418482,0.00161629482798,0.00161336841073,0.00161079174695,0.00160856573142
aa3_2,0.00166524321092,0.00165591352774,0.00164811157046,0.00164119009724,0.00163461211815,0.00162865469742,0.00162389769253,0.00161951418482,0.00161629482798,0.00161336841073,0.00161079174695,0.00160856573142
ab3_1,0.329637121819,0.329784055644,0.330150979359,0.330709694039,0.331350694711,0.331906832584,0.332038951227,0.332002776188,0.331857010713,0.331750572625,0.331675711141,0.33149616051
ab3_2,0.326831493304,0.32673601797,0.326437423098,0.325972277407,0.325442652759,0.324988294088,0.324862897127,0.324890063597,0.325016602118,0.325129336944,0.325221939969,0.325380326179
bb2_1,0.00166524321092,0.00165591352774,0.00164811157046,0.00164119009724,0.00163461211815,0.00162865469742,0.00162389769253,0.00161951418482,0.00161629482798,0.00161336841073,0.00161079174695,0.00160856573142
aa2_1,0.328544195978,0.328576704637,0.328578593409,0.328547317678,0.328495143466,0.328446981051,0.328483072413,0.328531532551,0.328579733718,0.328599774735,0.328605223167,0.328646421728
