,0,1,2,3,4,5,6,7,8,9,10,11
ba3_2,0.00408858878297,0.00407145035758,0.00405529920496,0.00403974105901,0.00402561146665,0.00401317282314,0.00400413053316,0.00399602691329,0.00399220879958,0.00398871900048,0.00398610277533,0.00398343914285
ba2_1,0.00408858878297,0.00407145035758,0.00405529920496,0.00403974105901,0.00402561146665,0.00401317282314,0.00400413053316,0.00399602691329,0.00399220879958,0.00398871900048,0.00398610277533,0.00398343914285
ab2_1,0.00408858878297,0.00407145035758,0.00405529920496,0.00403974105901,0.00402561146665,0.00401317282314,0.00400413053316,0.00399602691329,0.00399220879958,0.00398871900048,0.00398610277533,0.00398343914285
bb3_2,0.00408858878297,0.00407145035758,0.00405529920496,0.00403974105901,0.00402561146665,0.00401317282314,0.00400413053316,0.00399602691329,0.00399220879958,0.00398871900048,0.00398610277533,0.00398343914285
bb3_1,0.00408858878297,0.00407145035758,0.00405529920496,0.00403974105901,0.00402561146665,0.00401317282314,0.00400413053316,0.00399602691329,0.00399220879958,0.00398871900048,0.00398610277533,0.00398343914285
ba3_1,0.00408858878297,0.00407145035758,0.00405529920496,0.00403974105901,0.00402561146665,0.00401317282314,0.00400413053316,0.00399602691329,0.00399220879958,0.00398871900048,0.00398610277533,0.00398343914285
aa3_1,0.321067566984,0.321118982261,0.321167435718,0.321214110156,0.321256498933,0.321293814864,0.321320941734,0.321345252593,0.321356706935,0.321367176332,0.321375025007,0.321383015905
aa3_2,0.00408858878297,0.00407145035758,0.00405529920496,0.00403974105901,0.00402561146665,0.00401317282314,0.00400413053316,0.00399602691329,0.00399220879958,0.00398871900048,0.00398610277533,0.00398343914285
ab3_1,0.00408858878297,0.00407145035758,0.00405529920496,0.00403974105901,0.00402561146665,0.00401317282314,0.00400413053316,0.00399602691329,0.00399220879958,0.00398871900048,0.00398610277533,0.00398343914285
ab3_2,0.321067566984,0.321118982261,0.321167435718,0.321214110156,0.321256498933,0.321293814864,0.321320941734,0.321345252593,0.321356706935,0.321367176332,0.321375025007,0.321383015905
bb2_1,0.00408858878297,0.00407145035758,0.00405529920496,0.00403974105901,0.00402561146665,0.00401317282314,0.00400413053316,0.00399602691329,0.00399220879958,0.00398871900048,0.00398610277533,0.00398343914285
aa2_1,0.321067566984,0.321118982261,0.321167435718,0.321214110156,0.321256498933,0.321293814864,0.321320941734,0.321345252593,0.321356706935,0.321367176332,0.321375025007,0.321383015905
