,0,1,2,3,4,5,6,7,8,9,10,11
ba3_2,0.29660947921,0.294848117257,0.292173872216,0.288660390674,0.283669076893,0.278848180912,0.274980258345,0.272207622088,0.270764825326,0.270085027436,0.269987338556,0.270204905656
ba2_1,0.00199004567641,0.0019804990336,0.00197269903019,0.00196479706287,0.00195670507652,0.00194873640271,0.00194250628379,0.00193766282518,0.00193475578612,0.00193175609054,0.00192946879921,0.00192800261229
ab2_1,0.00199004567641,0.0019804990336,0.00197269903019,0.00196479706287,0.00195670507652,0.00194873640271,0.00194250628379,0.00193766282518,0.00193475578612,0.00193175609054,0.00192946879921,0.00192800261229
bb3_2,0.00199004567641,0.0019804990336,0.00197269903019,0.00196479706287,0.00195670507652,0.00194873640271,0.00194250628379,0.00193766282518,0.00193475578612,0.00193175609054,0.00192946879921,0.00192800261229
bb3_1,0.00199004567641,0.0019804990336,0.00197269903019,0.00196479706287,0.00195670507652,0.00194873640271,0.00194250628379,0.00193766282518,0.00193475578612,0.00193175609054,0.00192946879921,0.00192800261229
ba3_1,0.355905323924,0.35760685115,0.360150366733,0.363447761551,0.368327045958,0.372952207817,0.376547654412,0.378854377868,0.379804718437,0.380293673678,0.380359464982,0.380047853866
aa3_1,0.00199004567641,0.0019804990336,0.00197269903019,0.00196479706287,0.00195670507652,0.00194873640271,0.00194250628379,0.00193766282518,0.00193475578612,0.00193175609054,0.00192946879921,0.00192800261229
aa3_2,0.00199004567641,0.0019804990336,0.00197269903019,0.00196479706287,0.00195670507652,0.00194873640271,0.00194250628379,0.00193766282518,0.00193475578612,0.00193175609054,0.00192946879921,0.00192800261229
ab3_1,0.00199004567641,0.0019804990336,0.00197269903019,0.00196479706287,0.00195670507652,0.00194873640271,0.00194250628379,0.00193766282518,0.00193475578612,0.00193175609054,0.00192946879921,0.00192800261229
ab3_2,0.00199004567641,0.0019804990336,0.00197269903019,0.00196479706287,0.00195670507652,0.00194873640271,0.00194250628379,0.00193766282518,0.00193475578612,0.00193175609054,0.00192946879921,0.00192800261229
bb2_1,0.329574785779,0.32972054029,0.32992146978,0.330208674209,0.33039353146,0.330660983647,0.33098953069,0.331499034617,0.332017654162,0.332235494071,0.332287977269,0.332395216968
aa2_1,0.00199004567641,0.0019804990336,0.00197269903019,0.00196479706287,0.00195670507652,0.00194873640271,0.00194250628379,0.00193766282518,0.00193475578612,0.00193175609054,0.00192946879921,0.00192800261229
