,0,1,2,3,4,5,6,7,8,9,10,11
ba3_2,0.00124242979091,0.00123587336647,0.00122980347425,0.00122380311531,0.00121923622944,0.0012146450566,0.00121122810937,0.00120803665662,0.00120500695278,0.0012017097078,0.00119935843422,0.00119800546959
ba2_1,0.00124242979091,0.00123587336647,0.00122980347425,0.00122380311531,0.00121923622944,0.0012146450566,0.00121122810937,0.00120803665662,0.00120500695278,0.0012017097078,0.00119935843422,0.00119800546959
ab2_1,0.00124242979091,0.00123587336647,0.00122980347425,0.00122380311531,0.00121923622944,0.0012146450566,0.00121122810937,0.00120803665662,0.00120500695278,0.0012017097078,0.00119935843422,0.00119800546959
bb3_2,0.00124242979091,0.00123587336647,0.00122980347425,0.00122380311531,0.00121923622944,0.0012146450566,0.00121122810937,0.00120803665662,0.00120500695278,0.0012017097078,0.00119935843422,0.00119800546959
bb3_1,0.00124242979091,0.00123587336647,0.00122980347425,0.00122380311531,0.00121923622944,0.0012146450566,0.00121122810937,0.00120803665662,0.00120500695278,0.0012017097078,0.00119935843422,0.00119800546959
ba3_1,0.00124242979091,0.00123587336647,0.00122980347425,0.00122380311531,0.00121923622944,0.0012146450566,0.00121122810937,0.00120803665662,0.00120500695278,0.0012017097078,0.00119935843422,0.00119800546959
aa3_1,0.331216623541,0.331156165238,0.33114384303,0.33119272155,0.331339444837,0.331373289248,0.331360706011,0.331382446965,0.331419113604,0.33132036382,0.331160750094,0.331073119656
aa3_2,0.326384884801,0.326564809227,0.326644082673,0.326600328862,0.326347984261,0.326321615994,0.326377534995,0.326362776161,0.326316710217,0.32654388499,0.326884273905,0.327071711463
ab3_1,0.00124242979091,0.00123587336647,0.00122980347425,0.00122380311531,0.00121923622944,0.0012146450566,0.00121122810937,0.00120803665662,0.00120500695278,0.0012017097078,0.00119935843422,0.00119800546959
ab3_2,0.00124242979091,0.00123587336647,0.00122980347425,0.00122380311531,0.00121923622944,0.0012146450566,0.00121122810937,0.00120803665662,0.00120500695278,0.0012017097078,0.00119935843422,0.00119800546959
bb2_1,0.00124242979091,0.00123587336647,0.00122980347425,0.00122380311531,0.00121923622944,0.0012146450566,0.00121122810937,0.00120803665662,0.00120500695278,0.0012017097078,0.00119935843422,0.00119800546959
aa2_1,0.331216623541,0.331156165238,0.33114384303,0.33119272155,0.331339444837,0.331373289248,0.331360706011,0.331382446965,0.331419113604,0.33132036382,0.331160750094,0.331073119656
