,0,1,2,3,4,5,6,7,8,9,10,11
ba3_2,0.00744774765081,0.0074216836666,0.00740301030142,0.00738812662262,0.00737709882953,0.0073681493862,0.00735925775039,0.00735240241379,0.00734725679721,0.00734207358939,0.00733847073758,0.00733632611828
ba2_1,0.00744774765081,0.0074216836666,0.00740301030142,0.00738812662262,0.00737709882953,0.0073681493862,0.00735925775039,0.00735240241379,0.00734725679721,0.00734207358939,0.00733847073758,0.00733632611828
ab2_1,0.00744774765081,0.0074216836666,0.00740301030142,0.00738812662262,0.00737709882953,0.0073681493862,0.00735925775039,0.00735240241379,0.00734725679721,0.00734207358939,0.00733847073758,0.00733632611828
bb3_2,0.00744774765081,0.0074216836666,0.00740301030142,0.00738812662262,0.00737709882953,0.0073681493862,0.00735925775039,0.00735240241379,0.00734725679721,0.00734207358939,0.00733847073758,0.00733632611828
bb3_1,0.274115449177,0.274146478983,0.273483419013,0.2724664057,0.271903718446,0.271970384899,0.272043736962,0.272744534309,0.273272448855,0.273798609216,0.274150947929,0.27432725007
ba3_1,0.00744774765081,0.0074216836666,0.00740301030142,0.00738812662262,0.00737709882953,0.0073681493862,0.00735925775039,0.00735240241379,0.00734725679721,0.00734207358939,0.00733847073758,0.00733632611828
aa3_1,0.00744774765081,0.0074216836666,0.00740301030142,0.00738812662262,0.00737709882953,0.0073681493862,0.00735925775039,0.00735240241379,0.00734725679721,0.00734207358939,0.00733847073758,0.00733632611828
aa3_2,0.00744774765081,0.0074216836666,0.00740301030142,0.00738812662262,0.00737709882953,0.0073681493862,0.00735925775039,0.00735240241379,0.00734725679721,0.00734207358939,0.00733847073758,0.00733632611828
ab3_1,0.00744774765081,0.0074216836666,0.00740301030142,0.00738812662262,0.00737709882953,0.0073681493862,0.00735925775039,0.00735240241379,0.00734725679721,0.00734207358939,0.00733847073758,0.00733632611828
ab3_2,0.348614135618,0.348741727551,0.349592437174,0.350815086211,0.351512037165,0.351496583525,0.351474065664,0.350739703218,0.350187913601,0.349638415362,0.349271361339,0.349089466778
bb2_1,0.310240686348,0.310316640467,0.3102970511,0.310225368485,0.310190354924,0.3102196871,0.310248877621,0.310344140749,0.310414326369,0.310484313117,0.310531454094,0.310556348088
aa2_1,0.00744774765081,0.0074216836666,0.00740301030142,0.00738812662262,0.00737709882953,0.0073681493862,0.00735925775039,0.00735240241379,0.00734725679721,0.00734207358939,0.00733847073758,0.00733632611828
