,0,1,2,3,4,5,6,7,8,9,10,11
ab2_1,0.242742446873,0.242828008866,0.243458186041,0.244422604399,0.244525343128,0.244378284081,0.243676734882,0.242926265282,0.241924507011,0.240956923617,0.240545565974,0.239828431503
ba2_1,0.00526148276016,0.00524188402066,0.00521831202316,0.00519123826106,0.00516833822563,0.00515049926237,0.00513894811771,0.00513109499064,0.00513241888148,0.00513404229817,0.00513784151713,0.00513901694755
ba3_2,0.00526148276016,0.00524188402066,0.00521831202316,0.00519123826106,0.00516833822563,0.00515049926237,0.00513894811771,0.00513109499064,0.00513241888148,0.00513404229817,0.00513784151713,0.00513901694755
bb3_2,0.230198251995,0.230227430832,0.230375715184,0.230854099871,0.232554061179,0.234524807379,0.23584326134,0.237282378092,0.237147107564,0.236929452525,0.236635935228,0.237030880788
bb3_1,0.00526148276016,0.00524188402066,0.00521831202316,0.00519123826106,0.00516833822563,0.00515049926237,0.00513894811771,0.00513109499064,0.00513241888148,0.00513404229817,0.00513784151713,0.00513901694755
ba3_1,0.00526148276016,0.00524188402066,0.00521831202316,0.00519123826106,0.00516833822563,0.00515049926237,0.00513894811771,0.00513109499064,0.00513241888148,0.00513404229817,0.00513784151713,0.00513901694755
aa3_1,0.00526148276016,0.00524188402066,0.00521831202316,0.00519123826106,0.00516833822563,0.00515049926237,0.00513894811771,0.00513109499064,0.00513241888148,0.00513404229817,0.00513784151713,0.00513901694755
aa3_2,0.00526148276016,0.00524188402066,0.00521831202316,0.00519123826106,0.00516833822563,0.00515049926237,0.00513894811771,0.00513109499064,0.00513241888148,0.00513404229817,0.00513784151713,0.00513901694755
ab3_1,0.338953839506,0.339134474718,0.339558195803,0.339858911181,0.33943621129,0.338561826314,0.338217526825,0.337793373192,0.33845963532,0.339151131407,0.339295445467,0.339312470213
ab3_2,0.0680205905128,0.0679420585417,0.067389595705,0.0665873864261,0.0659278688189,0.0654327726245,0.065195666893,0.0648755012955,0.0649409680369,0.0650202122869,0.0652697388372,0.0652326290124
bb2_1,0.00526148276016,0.00524188402066,0.00521831202316,0.00519123826106,0.00516833822563,0.00515049926237,0.00513894811771,0.00513109499064,0.00513241888148,0.00513404229817,0.00513784151713,0.00513901694755
aa2_1,0.0832544917922,0.0831748388976,0.082690123105,0.0819383302949,0.0813781480055,0.0810488147656,0.0810941732363,0.0812048172039,0.0816008498985,0.0820039840766,0.0822884238726,0.0826224698508
