,0,1,2,3,4,5,6,7,8,9,10,11
ab2_1,0.293667613144,0.293749063361,0.293830057479,0.293911383051,0.293965769812,0.294019889269,0.294047787655,0.294074897645,0.294075897798,0.294076322108,0.294076760242,0.294077486232
ba2_1,0.0132218352535,0.0131947187292,0.0131676542926,0.0131406287908,0.0131224400272,0.0131044074975,0.0130951516263,0.0130860537338,0.0130857706767,0.0130855995385,0.0130854669099,0.0130852207226
ba3_2,0.0132218352535,0.0131947187292,0.0131676542926,0.0131406287908,0.0131224400272,0.0131044074975,0.0130951516263,0.0130860537338,0.0130857706767,0.0130855995385,0.0130854669099,0.0130852207226
bb3_2,0.0132218352535,0.0131947187292,0.0131676542926,0.0131406287908,0.0131224400272,0.0131044074975,0.0130951516263,0.0130860537338,0.0130857706767,0.0130855995385,0.0130854669099,0.0130852207226
bb3_1,0.0132218352535,0.0131947187292,0.0131676542926,0.0131406287908,0.0131224400272,0.0131044074975,0.0130951516263,0.0130860537338,0.0130857706767,0.0130855995385,0.0130854669099,0.0130852207226
ba3_1,0.0132218352535,0.0131947187292,0.0131676542926,0.0131406287908,0.0131224400272,0.0131044074975,0.0130951516263,0.0130860537338,0.0130857706767,0.0130855995385,0.0130854669099,0.0130852207226
aa3_1,0.293668216452,0.29374937862,0.293830939987,0.293911559654,0.293966435971,0.294020526258,0.294048001087,0.294075677627,0.294076206465,0.294076915257,0.294077206521,0.294077994129
aa3_2,0.293667653122,0.293749089456,0.293830113901,0.293911398178,0.293965833972,0.294019916996,0.294047846621,0.294074941124,0.294075959647,0.294076366788,0.294076831048,0.294077533135
ab3_1,0.0132218352535,0.0131947187292,0.0131676542926,0.0131406287908,0.0131224400272,0.0131044074975,0.0130951516263,0.0130860537338,0.0130857706767,0.0130855995385,0.0130854669099,0.0130852207226
ab3_2,0.0132218352535,0.0131947187292,0.0131676542926,0.0131406287908,0.0131224400272,0.0131044074975,0.0130951516263,0.0130860537338,0.0130857706767,0.0130855995385,0.0130854669099,0.0130852207226
bb2_1,0.0132218352535,0.0131947187292,0.0131676542926,0.0131406287908,0.0131224400272,0.0131044074975,0.0130951516263,0.0130860537338,0.0130857706767,0.0130855995385,0.0130854669099,0.0130852207226
aa2_1,0.0132218352535,0.0131947187292,0.0131676542926,0.0131406287908,0.0131224400272,0.0131044074975,0.0130951516263,0.0130860537338,0.0130857706767,0.0130855995385,0.0130854669099,0.0130852207226
